     0/199    0.405G   0.08107   0.01329   0.04739    0.1418        10       640    0.2501 0.0006324 0.0001129 2.234e-05    0.1015   0.01431   0.04618
     1/199     1.69G   0.07869  0.007833   0.03593    0.1225        14       640 1.776e-05   0.03547 5.556e-06  8.09e-07    0.1067   0.01185   0.04758
     2/199     1.69G   0.07772  0.007148   0.03194    0.1168        18       640 5.626e-05   0.02534 1.508e-05 2.343e-06   0.09883   0.01493   0.04279
     3/199     1.69G   0.07386  0.007577   0.02728    0.1087        15       640  0.000148   0.02703 4.722e-05 8.782e-06    0.1009   0.01282   0.04146
     4/199     1.69G   0.06991  0.008618    0.0252    0.1037        20       640 0.0003434   0.02112 3.139e-05 5.281e-06   0.09272   0.01757   0.04348
     5/199     1.69G   0.06701   0.00896   0.02435    0.1003        10       640    0.1301   0.01133  0.001437 0.0003411   0.09413   0.01663    0.0423
     6/199     1.69G   0.06608  0.008541   0.02385   0.09847        12       640    0.6313  0.005491 0.0009336 0.0002105   0.09345   0.01625   0.04381
     7/199     1.69G   0.06555  0.007548   0.02227   0.09537        25       640    0.7756    0.0243   0.01649  0.004544    0.0963   0.01484   0.04908
     8/199     1.69G   0.06431  0.007183   0.02104   0.09253         9       640    0.7874   0.02629   0.02217    0.0067   0.09084   0.01638    0.0455
     9/199     1.69G   0.06159  0.007035   0.01876   0.08739        20       640    0.6798   0.06356   0.06046   0.01751   0.08509   0.01502   0.04586
    10/199     1.69G   0.05977  0.006931   0.01573   0.08244        20       640    0.5347   0.05796   0.02663   0.00608   0.09497   0.01501   0.04957
    11/199     1.69G   0.05825  0.006916   0.01394   0.07911         9       640    0.8516   0.09079    0.1077   0.03584   0.08929   0.01413   0.05709
    12/199     1.69G   0.05778  0.007021   0.01236   0.07716        13       640    0.4424    0.2147    0.1739   0.06471   0.08744   0.01641   0.05385
    13/199     1.69G    0.0582  0.006974   0.01266   0.07783        13       640     0.454    0.2592    0.1991    0.0659   0.08023   0.01381   0.04852
    14/199     1.69G   0.05721  0.006933   0.01057   0.07471        21       640    0.4955   0.07899    0.0833   0.04003   0.09353    0.0167   0.05672
    15/199     1.69G   0.05578  0.006936  0.009946   0.07267        25       640    0.8365    0.2394    0.3043    0.1013   0.07944   0.01386    0.0475
    16/199     1.69G   0.05521  0.006767  0.009114   0.07109        12       640    0.1346    0.1233   0.07533   0.03243    0.0924   0.01631   0.06116
    17/199     1.69G   0.05518  0.006496  0.008792   0.07047        16       640    0.5751   0.01509   0.01449  0.007212    0.1041   0.01729    0.1093
    18/199     1.69G   0.05428  0.006458  0.008367    0.0691        24       640    0.5992    0.3932    0.3491    0.1207   0.07857   0.01422   0.05221
    19/199     1.69G   0.05519  0.006585  0.008497   0.07027        22       640    0.6588    0.3214    0.3798    0.1389   0.08261   0.01786   0.04897
    20/199     1.69G   0.05327  0.006278  0.007278   0.06683        23       640    0.6414    0.4778    0.4983    0.1604   0.07412   0.01303    0.0474
    21/199     1.69G   0.05207  0.006285  0.006852    0.0652        15       640    0.4729    0.3827    0.3617    0.1255   0.07954   0.01374   0.04552
    22/199     1.69G   0.05269  0.005972  0.006221   0.06489        11       640     0.319    0.3099     0.271     0.105   0.08266   0.01717   0.05381
    23/199     1.69G   0.05177  0.006222    0.0058    0.0638        11       640    0.5314    0.3488    0.2523   0.09404   0.08297   0.01427   0.05854
    24/199     1.69G   0.05126  0.006124  0.006074   0.06346         9       640    0.4424   0.08292   0.02969  0.008768   0.09159   0.01755    0.0577
    25/199     1.69G   0.05131  0.005937  0.005941   0.06319        17       640     0.583    0.2163    0.2205   0.08464   0.08796   0.01589   0.05824
    26/199     1.69G    0.0502  0.006082  0.005465   0.06175        11       640     0.159   0.03914  0.006331 0.0009924     0.102   0.01513    0.1212
    27/199     1.69G   0.04917  0.005882  0.004496   0.05955        16       640    0.7192    0.5967    0.6744    0.2867   0.07185   0.01308   0.04489
    28/199     1.69G   0.04982  0.005865  0.005001   0.06068        17       640    0.5723   0.02437   0.02973  0.008919   0.09312    0.0184   0.07366
    29/199     1.69G   0.04842  0.005902  0.004942   0.05927        18       640    0.7271    0.6827    0.7487    0.3608   0.06829   0.01237   0.04271
    30/199     1.69G   0.04834  0.005815  0.004296   0.05845        10       640    0.7258    0.6971    0.7602    0.3341   0.06786   0.01258   0.04415
    31/199     1.69G   0.04819   0.00587  0.004136    0.0582        11       640    0.5922    0.4117    0.5419    0.2222   0.07613    0.0136   0.04554
    32/199     1.69G    0.0484  0.005884  0.004438   0.05872        15       640    0.7339    0.4536    0.5249    0.2023    0.0712   0.01333   0.04734
    33/199     1.69G   0.04743  0.005772  0.003917   0.05712        16       640     0.474    0.1698    0.1636   0.05997   0.08976   0.01661   0.07204
    34/199     1.69G   0.04645  0.005963  0.003965   0.05637        15       640    0.7049    0.6614    0.7259     0.366   0.06567   0.01298   0.04315
    35/199     1.69G    0.0462  0.005749  0.003793   0.05574        13       640    0.4383    0.2583     0.215   0.08292   0.08321   0.01509   0.05483
    36/199     1.69G   0.04678  0.006043  0.004045   0.05686        19       640    0.3091    0.3038    0.2423   0.08819   0.08743   0.01525   0.05668
    37/199     1.69G   0.04605  0.005763  0.003957   0.05577        15       640    0.8132    0.7656    0.8104    0.3526   0.06337   0.01255   0.03976
    38/199     1.69G   0.04579  0.005929  0.003944   0.05567        10       640    0.3189    0.1784    0.1499   0.04269   0.08955   0.01458   0.05484
    39/199     1.69G   0.04633  0.005899  0.003586   0.05581        28       640    0.4452    0.1179    0.1594   0.05246   0.08826   0.01578   0.07257
    40/199     1.69G   0.04547  0.005878  0.003808   0.05516        12       640    0.3046    0.3102    0.2189     0.081    0.0886   0.02148   0.08502
    41/199     1.69G   0.04494  0.005694  0.003883   0.05451         8       640    0.8437    0.6477    0.7533    0.3855   0.06553   0.01248   0.04084
    42/199     1.69G   0.04459  0.005609  0.004077   0.05428        10       640    0.8228    0.4608    0.5722    0.2612   0.06745   0.01283   0.04378
    43/199     1.69G   0.04508  0.005612  0.003331   0.05402        15       640    0.3273    0.2668    0.2537    0.1161   0.08068   0.01838   0.05751
    44/199     1.69G    0.0453  0.005682  0.003417    0.0544         6       640    0.5766     0.232     0.256    0.1058   0.08002    0.0152   0.05571
    45/199     1.69G   0.04532  0.005617  0.004311   0.05525        26       640    0.4819    0.3877    0.3966    0.1737   0.07698   0.01413   0.04855
    46/199     1.69G   0.04432  0.005793  0.003531   0.05364        14       640    0.3956    0.2298    0.2601    0.1278   0.08355   0.01738   0.06035
    47/199     1.69G   0.04399  0.005602  0.004268   0.05386        16       640    0.7533    0.7839    0.8282    0.4256   0.06203     0.012   0.04269
    48/199     1.69G   0.04379  0.005689  0.003536   0.05301        20       640    0.8633    0.7203    0.8416    0.3952   0.06339   0.01199   0.04017
    49/199     1.69G   0.04381  0.005857  0.003409   0.05307        13       640    0.4303     0.565    0.4994    0.2308   0.07162   0.01396   0.04377
    50/199     1.69G   0.04419  0.005729  0.003347   0.05327        17       640    0.8077    0.7694    0.8436    0.4254   0.06166   0.01183   0.04118
    51/199     1.69G   0.04263  0.005701   0.00325   0.05158        15       640    0.8214    0.7554    0.8205     0.411   0.06514   0.01205   0.04013
    52/199     1.69G   0.04282  0.005745  0.003485   0.05205        18       640    0.8123    0.8059    0.8321    0.4276   0.06336   0.01248   0.04433
    53/199     1.69G    0.0429  0.005712  0.002716   0.05133        27       640    0.3066    0.3998    0.3854    0.1605    0.0819   0.01469    0.0621
    54/199     1.69G   0.04255  0.005693  0.003358    0.0516        16       640    0.7557    0.7049     0.809    0.3912   0.06299   0.01212   0.03832
    55/199     1.69G   0.04298  0.005581  0.003508   0.05207        20       640    0.7992    0.7865    0.8232    0.3966    0.0634   0.01208   0.04122
    56/199     1.69G   0.04192  0.005591  0.003243   0.05075        13       640    0.8366     0.776    0.8472    0.4254   0.06231   0.01163   0.03964
    57/199     1.69G   0.04219  0.005626  0.003054   0.05087        18       640    0.8823    0.7933     0.869    0.4768   0.06247   0.01156   0.03964
    58/199     1.69G   0.04235  0.005612  0.003008   0.05098        20       640    0.8454    0.8156    0.8617    0.4442   0.06262   0.01193   0.03818
    59/199     1.69G    0.0412  0.005555  0.002901   0.04966        19       640    0.6038    0.5571      0.56     0.301   0.07117   0.01334   0.04265
    60/199     1.69G   0.04191  0.005572  0.003005   0.05049        13       640    0.8784     0.819    0.8797    0.4784   0.06104   0.01161   0.04068
    61/199     1.69G   0.04172  0.005512    0.0032   0.05043        18       640    0.6789    0.4769    0.4887    0.2368   0.07037   0.01341   0.04269
    62/199     1.69G   0.04109  0.005627  0.002722   0.04943        15       640    0.5314    0.4587    0.4718    0.2326   0.07462    0.0134   0.04323
    63/199     1.69G   0.04075  0.005434    0.0028   0.04898        33       640    0.5033    0.3908    0.4051     0.177   0.07492   0.01432    0.0454
    64/199     1.69G   0.04055  0.005478  0.002554   0.04858         5       640    0.7732    0.6744    0.7571    0.3636   0.06764    0.0142   0.04205
    65/199     1.69G   0.04036  0.005496  0.002389   0.04825        18       640     0.675    0.6004    0.6954    0.3244    0.0687   0.01263   0.04357
    66/199     1.69G   0.04062  0.005511  0.002703   0.04884        23       640    0.8295    0.7729    0.8423    0.4267   0.06195    0.0118   0.03666
    67/199     1.69G   0.04094  0.005436  0.002434   0.04882        16       640    0.8701    0.8559    0.9049    0.5251   0.05927   0.01184   0.03882
    68/199     1.69G    0.0405  0.005353  0.002711   0.04856        28       640    0.8407    0.7696     0.877    0.4631   0.06061   0.01214   0.03906
    69/199     1.69G   0.04065  0.005424  0.002849   0.04892        13       640    0.8436    0.7343    0.8075    0.4022   0.06382    0.0123   0.03861
    70/199     1.69G   0.04046  0.005513  0.002853   0.04882        27       640    0.8826    0.8632    0.9186    0.4937   0.05978   0.01142   0.03724
    71/199     1.69G   0.04133  0.005652  0.002829   0.04981        11       640     0.851    0.7917    0.8519    0.4476   0.06137   0.01187   0.03738
    72/199     1.69G   0.04055  0.005521  0.002635    0.0487        19       640    0.7753    0.6428    0.7112    0.3505   0.06758    0.0133   0.04198
    73/199     1.69G    0.0399  0.005554  0.002524   0.04798        16       640    0.8163    0.8338    0.8537    0.4781   0.06322   0.01217   0.03784
    74/199     1.69G   0.04078  0.005633  0.002712   0.04913         6       640    0.6097    0.4189    0.4261     0.209   0.07114    0.0142   0.04179
    75/199     1.69G   0.03926  0.005374  0.002562    0.0472        14       640    0.5885     0.309    0.3799     0.188   0.07339   0.01509   0.04837
    76/199     1.69G   0.03924  0.005571   0.00246   0.04728        12       640    0.3617       0.3    0.2814    0.1051   0.07643   0.01707     0.056
    77/199     1.69G   0.03991  0.005376  0.002365   0.04766        12       640    0.5894    0.3868    0.4532     0.223   0.07031   0.01464   0.04787
    78/199     1.69G   0.03962  0.005635  0.002843    0.0481        16       640    0.1573     0.291    0.1763   0.05937   0.08126   0.01748   0.06091
    79/199     1.69G   0.03921  0.005583  0.002067   0.04686        14       640    0.7997    0.7856    0.8315    0.4117   0.06223   0.01164   0.03754
    80/199     1.69G   0.03983  0.005465  0.002388   0.04768        16       640    0.8726    0.8661    0.9184    0.5173   0.05687   0.01144   0.03815
    81/199     1.69G   0.03808  0.005425  0.001951   0.04546        18       640    0.8378    0.8174    0.8836    0.5042   0.05897   0.01142   0.03706
    82/199     1.69G   0.03883  0.005506  0.002699   0.04703        11       640    0.7374    0.4392    0.4761    0.2272   0.07137   0.01276   0.04355
    83/199     1.69G   0.04029  0.005378   0.00261   0.04828        14       640    0.8656    0.8082    0.9106    0.5306   0.05799    0.0115   0.03991
    84/199     1.69G   0.03952  0.005539  0.002268   0.04733        11       640    0.5605    0.4151    0.4397     0.204   0.07454   0.01441    0.0458
    85/199     1.69G   0.03878  0.005577  0.003048    0.0474        12       640    0.6229    0.4927    0.5465    0.2614   0.06788   0.01298   0.04079
    86/199     1.69G   0.03898  0.005508  0.002543   0.04704        13       640    0.8908    0.8071    0.9058     0.486    0.0588   0.01104   0.03833
    87/199     1.69G    0.0387  0.005719  0.002205   0.04663        14       640    0.8622    0.8852    0.9153    0.4919   0.05664   0.01063   0.03691
    88/199     1.69G    0.0381  0.005349  0.002037   0.04549        10       640     0.901    0.8509    0.9258    0.5378   0.05625   0.01086   0.03506
    89/199     1.69G   0.03844  0.005557  0.002355   0.04636        21       640    0.9124     0.853     0.922    0.5389   0.05453   0.01094   0.03701
    90/199     1.69G   0.03841  0.005434  0.001923   0.04577        23       640     0.714    0.7096    0.7271    0.3705   0.06303     0.012   0.03971
    91/199     1.69G   0.03825  0.005473  0.002116   0.04584        17       640     0.889    0.8288    0.8961    0.5227   0.05821   0.01078   0.03634
    92/199     1.69G   0.03803   0.00555  0.001896   0.04548        21       640    0.8634    0.8766    0.9337    0.5323   0.05502   0.01046    0.0359
    93/199     1.69G   0.03769   0.00553  0.001842   0.04506        20       640     0.855    0.8902    0.9284    0.5302   0.05633    0.0106   0.03653
    94/199     1.69G   0.03788  0.005623  0.002681   0.04618        17       640    0.8649    0.7699    0.8639    0.4847   0.05829   0.01098   0.03654
    95/199     1.69G   0.03755  0.005514  0.002385   0.04545        15       640     0.858    0.7895    0.8563     0.489   0.05874   0.01164   0.03746
    96/199     1.69G   0.03751  0.005505  0.002057   0.04507        12       640     0.892    0.7809    0.8612    0.4563   0.05919   0.01095   0.03724
    97/199     1.69G   0.03704  0.005437  0.002142   0.04462        10       640    0.8778     0.879    0.9229    0.5419   0.05413   0.01025    0.0365
    98/199     1.69G   0.03725  0.005484  0.002328   0.04507        11       640    0.8889    0.9047    0.9338    0.5592   0.05344   0.01024   0.03655
    99/199     1.69G   0.03705   0.00554  0.001797   0.04439        25       640    0.8915    0.8935     0.938    0.5597   0.05237   0.01033   0.03592
   100/199     1.69G   0.03726   0.00541  0.002557   0.04523         8       640    0.9214       0.9    0.9352    0.5715    0.0539    0.0106    0.0364
   101/199     1.69G   0.03737  0.005586  0.002157   0.04511        27       640    0.8515     0.847     0.889    0.4962   0.05699   0.01112   0.03537
   102/199     1.69G   0.03719  0.005494  0.001957   0.04464        26       640    0.8821    0.8914    0.9325    0.5636   0.05373   0.01032   0.03616
   103/199     1.69G   0.03728  0.005524  0.002252   0.04505        19       640    0.8979    0.9076    0.9286    0.5404   0.05288   0.01057   0.03602
   104/199     1.69G   0.03707   0.00539  0.001897   0.04435        28       640    0.9042    0.9184    0.9552    0.5444   0.05277   0.01025   0.03651
   105/199     1.69G   0.03632  0.005594  0.002082     0.044        16       640    0.9072      0.88    0.9505    0.5833   0.05154   0.01065   0.03541
   106/199     1.69G   0.03619  0.005475  0.001681   0.04335        13       640    0.8467    0.7277    0.8511    0.4524   0.05826   0.01129   0.03607
   107/199     1.69G   0.03662  0.005631  0.002003   0.04425        21       640    0.6839    0.7367     0.752    0.3927    0.0601   0.01121   0.03824
   108/199     1.69G   0.03666   0.00561  0.002114   0.04439        17       640    0.8899    0.7938    0.8835    0.4964   0.05687   0.01109   0.03579
   109/199     1.69G   0.03589  0.005354  0.001817   0.04306        12       640    0.8844    0.8478    0.8921    0.4902   0.05601   0.01079   0.03595
   110/199     1.69G   0.03635  0.005469  0.002092   0.04391        32       640    0.9206    0.8826    0.9403    0.5574   0.05453    0.0102   0.03557
   111/199     1.69G   0.03598   0.00541  0.001818   0.04321        16       640    0.5937    0.4407    0.5323    0.2428   0.06667   0.01266   0.04272
   112/199     1.69G   0.03587  0.005457  0.002082   0.04341        17       640    0.8693    0.8697    0.9057    0.5218   0.05449   0.01099    0.0345
   113/199     1.69G   0.03675  0.005424  0.001648   0.04382        11       640    0.8094    0.8568     0.885    0.4919   0.05852   0.01056   0.03748
   114/199     1.69G   0.03623  0.005483  0.002138   0.04385        15       640    0.8687    0.9186    0.9382    0.5528   0.05409   0.01036   0.03496
   115/199     1.69G   0.03577  0.005488   0.00196   0.04322        19       640    0.9124    0.8645    0.9244    0.5457   0.05357   0.01048   0.03375
   116/199     1.69G   0.03571  0.005344   0.00188   0.04294        13       640     0.896    0.9316    0.9444    0.5841   0.05184   0.01018   0.03561
   117/199     1.69G   0.03623  0.005439  0.002426   0.04409        20       640     0.887    0.8594    0.9125      0.53   0.05516   0.01029   0.03581
   118/199     1.69G   0.03571  0.005307  0.001661   0.04268        17       640    0.9325     0.898    0.9376    0.5388   0.05287   0.01001   0.03606
   119/199     1.69G   0.03557   0.00535  0.001778    0.0427        11       640    0.9446     0.913    0.9489    0.5766   0.05186  0.009755   0.03574
   120/199     1.69G    0.0358  0.005413  0.001621   0.04283         8       640    0.8956     0.935    0.9461    0.5692   0.05383   0.01058   0.03468
   121/199     1.69G   0.03544  0.005438  0.001952   0.04283        17       640    0.9219     0.922    0.9413    0.5588   0.05054  0.009959   0.03496
   122/199     1.69G   0.03513  0.005274  0.001925   0.04233        13       640    0.9234    0.9192    0.9411    0.5763   0.05145  0.009737   0.03531
   123/199     1.69G   0.03553  0.005469  0.002008   0.04301        20       640    0.9232    0.8902    0.9317    0.5839   0.05152   0.01029   0.03463
   124/199     1.69G   0.03512  0.005552  0.001691   0.04236        16       640    0.8692    0.9127    0.9319    0.5426     0.054   0.01024   0.03563
   125/199     1.69G    0.0351  0.005312  0.002127   0.04254         9       640    0.9439    0.9128    0.9395    0.5678   0.05144  0.009801   0.03536
   126/199     1.69G   0.03524  0.005497  0.001829   0.04257        18       640    0.9526    0.8989    0.9466    0.5793   0.05072  0.009898   0.03434
   127/199     1.69G   0.03496  0.005463  0.001451   0.04187        25       640    0.9191    0.9233    0.9464     0.568   0.05063  0.009725   0.03417
   128/199     1.69G     0.035  0.005349  0.001994   0.04234        18       640    0.9433    0.9181    0.9537    0.5879   0.04971  0.009768   0.03422
   129/199     1.69G    0.0351  0.005266  0.001641   0.04201         8       640    0.9324    0.9062     0.948    0.5688   0.05202   0.01015   0.03488
   130/199     1.69G   0.03472  0.005358  0.001512   0.04159         9       640    0.9399    0.9267    0.9434    0.5963   0.05192  0.009462   0.03614
   131/199     1.69G   0.03554  0.005477  0.001661   0.04268        31       640    0.9434    0.9067    0.9471    0.5794   0.05099   0.01007   0.03539
   132/199     1.69G   0.03416  0.005179  0.001416   0.04075         6       640    0.9382    0.9247    0.9503     0.585   0.05157   0.01003   0.03494
   133/199     1.69G   0.03442   0.00506  0.001586   0.04107         7       640    0.9561    0.9386     0.957    0.6046   0.05005  0.009794   0.03604
   134/199     1.69G   0.03443  0.005286  0.001658   0.04138        10       640    0.9263    0.9262    0.9495    0.5874   0.05178  0.009896   0.03595
   135/199     1.69G    0.0345  0.005221  0.001803   0.04152         9       640    0.6747     0.755    0.7343    0.3838   0.06043   0.01134   0.03883
   136/199     1.69G   0.03408  0.005213  0.001482   0.04078        10       640    0.9071    0.8315    0.9161    0.5368   0.05599   0.01118   0.03455
   137/199     1.69G   0.03392  0.005225  0.001621   0.04076        14       640    0.9489    0.9153    0.9491    0.5939   0.05073  0.009579   0.03635
   138/199     1.69G   0.03423  0.005089  0.001459   0.04078        11       640    0.9402    0.8881    0.9392     0.591   0.05174  0.009959   0.03532
   139/199     1.69G     0.034  0.005235  0.001347   0.04058        11       640    0.9278    0.9216    0.9481    0.5982   0.05029   0.01003   0.03565
   140/199     1.69G   0.03361   0.00526  0.001621   0.04049        19       640    0.9338    0.9229     0.952    0.5926   0.05122   0.00982    0.0358
   141/199     1.69G   0.03397  0.005367  0.001656     0.041        12       640    0.9076    0.9081    0.9431    0.5902   0.05138   0.01028   0.03426
   142/199     1.69G   0.03383  0.005314  0.001494   0.04064        19       640    0.9441      0.94    0.9568    0.6058   0.05034  0.009708   0.03639
   143/199     1.69G   0.03392  0.005228  0.001663   0.04082        25       640    0.9341    0.9371    0.9542    0.5899    0.0509  0.009947     0.035
   144/199     1.69G    0.0342  0.005234  0.001624   0.04106        27       640    0.8807    0.9158    0.9381    0.5633    0.0528   0.01033   0.03429
   145/199     1.69G    0.0338  0.005249  0.001548    0.0406        14       640    0.9483    0.9248    0.9568    0.6224   0.04886  0.009723   0.03508
   146/199     1.69G   0.03321  0.005283  0.001639   0.04013         9       640    0.9602    0.9229    0.9566    0.6204   0.04913  0.009715    0.0351
   147/199     1.69G   0.03353   0.00526  0.001717   0.04051         5       640    0.9458    0.9219    0.9562    0.6152   0.04898  0.009801    0.0348
   148/199     1.69G   0.03331  0.005426  0.001656   0.04039        21       640    0.9539    0.9064    0.9445    0.5953   0.05091   0.01005   0.03397
   149/199     1.69G    0.0337  0.005185  0.001622   0.04051        32       640    0.9385    0.9346    0.9576    0.6193    0.0492  0.009629   0.03506
   150/199     1.69G   0.03366  0.005215  0.001618   0.04049        18       640    0.9515    0.9109    0.9499    0.6101   0.04909  0.009972    0.0339
   151/199     1.69G   0.03327  0.005147  0.001405   0.03982        13       640    0.9611    0.9194     0.957     0.616   0.04874  0.009735   0.03473
   152/199     1.69G   0.03319  0.005121  0.001786   0.04009        10       640    0.9517    0.9401    0.9597    0.6192   0.04855  0.009808   0.03513
   153/199     1.69G   0.03292  0.005141  0.001207   0.03927        23       640    0.9001    0.9428    0.9481    0.5952   0.05136  0.009986    0.0346
   154/199     1.69G   0.03316  0.005124  0.001406   0.03969        19       640      0.95    0.9246    0.9566    0.6153   0.04977   0.01001   0.03394
   155/199     1.69G   0.03302  0.005154  0.001636   0.03981        10       640    0.9365    0.9314    0.9548    0.6129   0.04884   0.00986   0.03484
   156/199     1.69G   0.03335  0.005252  0.001441   0.04004        13       640    0.9423    0.9402    0.9581    0.6127   0.04841  0.009648   0.03527
   157/199     1.69G   0.03348  0.005257  0.001394   0.04014        24       640    0.9413    0.9364    0.9571    0.6161   0.04939   0.00971   0.03481
   158/199     1.69G   0.03272  0.005126  0.001437   0.03929        18       640    0.9434    0.9284    0.9548    0.6141   0.04898  0.009819   0.03478
   159/199     1.69G   0.03292  0.005151  0.001427   0.03949        12       640    0.9606    0.9277    0.9557    0.6264   0.04874  0.009661   0.03559
   160/199     1.69G   0.03265  0.005169  0.001452   0.03927        23       640    0.9404    0.9245    0.9477    0.6166   0.04841  0.009703   0.03488
   161/199     1.69G   0.03284  0.005227   0.00144   0.03951        22       640    0.9397    0.9255    0.9451    0.6139   0.04825  0.009754   0.03475
   162/199     1.69G   0.03306  0.005217  0.001949   0.04022        16       640    0.9507    0.9346    0.9567    0.6166   0.04842  0.009784   0.03438
   163/199     1.69G   0.03303  0.005233  0.001352   0.03962        25       640    0.9465    0.9357     0.957    0.6166   0.04871  0.009872   0.03418
   164/199     1.69G   0.03311  0.005141  0.001695   0.03994        13       640     0.944    0.9434    0.9581    0.6289   0.04821   0.00967    0.0345
   165/199     1.69G   0.03284  0.005224  0.001522   0.03959        39       640    0.9429    0.9495     0.957    0.6217     0.048  0.009731   0.03408
   166/199     1.69G   0.03286  0.005124  0.001297   0.03928        17       640    0.9433    0.9278    0.9536    0.6285   0.04793  0.009726   0.03401
   167/199     1.69G   0.03315  0.005223  0.001328    0.0397        18       640    0.9328    0.9383     0.953    0.6307   0.04835  0.009788   0.03385
   168/199     1.69G   0.03207  0.005273  0.001461    0.0388        15       640    0.9517    0.9434    0.9594    0.6224   0.04781  0.009692   0.03441
   169/199     1.69G   0.03286  0.005229  0.001467   0.03955        12       640    0.9528    0.9352    0.9524    0.6301   0.04796  0.009716   0.03438
   170/199     1.69G   0.03223   0.00516  0.001596   0.03898        18       640    0.9479    0.9434    0.9526    0.6126   0.04891  0.009695   0.03473
   171/199     1.69G   0.03237  0.005174  0.001391   0.03893        19       640    0.9453    0.9283    0.9461    0.6259   0.04816  0.009795   0.03432
   172/199     1.69G   0.03254  0.005187  0.001625   0.03936        12       640    0.9515    0.9353    0.9594    0.6293   0.04792  0.009793   0.03448
   173/199     1.69G   0.03217  0.005137  0.001344   0.03865        18       640    0.9556    0.9349    0.9597    0.6318    0.0477  0.009776    0.0344
   174/199     1.69G   0.03206  0.005205  0.001178   0.03844        21       640    0.9421     0.941    0.9602    0.6323   0.04763  0.009822   0.03428
   175/199     1.69G   0.03252  0.005209  0.001469    0.0392        15       640     0.939    0.9318    0.9564    0.6356   0.04755  0.009726   0.03479
   176/199     1.69G   0.03178  0.005046   0.00133   0.03816        12       640    0.9387    0.9445    0.9527    0.6243   0.04786  0.009562    0.0352
   177/199     1.69G   0.03294  0.005264  0.001571   0.03977        11       640    0.9553    0.9383    0.9593    0.6351   0.04761  0.009737   0.03491
   178/199     1.69G   0.03229  0.005307   0.00156   0.03915        19       640    0.9566    0.9368    0.9598    0.6344   0.04777  0.009673   0.03476
   179/199     1.69G   0.03278  0.005116  0.001553   0.03945        18       640    0.9602    0.9373    0.9598    0.6352   0.04777   0.00971   0.03469
   180/199     1.69G   0.03211   0.00509  0.001529   0.03873        20       640    0.9402    0.9484    0.9604    0.6362   0.04784  0.009691   0.03467
   181/199     1.69G   0.03176  0.005161  0.001807   0.03872        19       640    0.9521    0.9445    0.9596    0.6276   0.04792  0.009672   0.03453
   182/199     1.69G   0.03224  0.005047   0.00132   0.03861         9       640    0.9472    0.9534    0.9595    0.6314   0.04825  0.009603   0.03477
   183/199     1.69G   0.03203  0.005195  0.001402   0.03863        11       640    0.9471    0.9542    0.9604    0.6352   0.04795  0.009661   0.03473
   184/199     1.69G   0.03228  0.005229  0.001952   0.03946        23       640    0.9504    0.9488    0.9602    0.6364   0.04779  0.009682   0.03466
   185/199     1.69G   0.03227  0.005191  0.001497   0.03896        17       640    0.9431    0.9478    0.9599    0.6388   0.04778  0.009625   0.03478
   186/199     1.69G   0.03221  0.005147  0.001551    0.0389        24       640    0.9572    0.9243    0.9571    0.6301   0.04773  0.009695   0.03473
   187/199     1.69G    0.0327  0.005159  0.001455   0.03932        15       640    0.9634    0.9299     0.961    0.6279    0.0479  0.009701   0.03487
   188/199     1.69G   0.03256  0.005026  0.001705   0.03929        13       640    0.9467     0.943    0.9606    0.6302   0.04771  0.009653   0.03495
   189/199     1.69G   0.03221  0.005063  0.001539   0.03881        14       640     0.951     0.935    0.9596    0.6297   0.04751  0.009642   0.03483
   190/199     1.69G   0.03164  0.005189  0.001699   0.03853        13       640     0.957    0.9351    0.9596    0.6339    0.0475  0.009657   0.03463
   191/199     1.69G    0.0324  0.005186  0.001485   0.03907        25       640    0.9612    0.9295    0.9598    0.6279   0.04756  0.009645   0.03464
   192/199     1.69G     0.032  0.005187  0.001316   0.03851        26       640    0.9516    0.9361    0.9603    0.6302   0.04759  0.009623   0.03476
   193/199     1.69G   0.03221  0.005127  0.001252   0.03859        17       640      0.95    0.9372    0.9598    0.6298   0.04749  0.009644   0.03468
   194/199     1.69G    0.0317  0.005242   0.00133   0.03827         8       640    0.9473    0.9336    0.9597    0.6329   0.04746  0.009711   0.03454
   195/199     1.69G   0.03201  0.005162   0.00122    0.0384        16       640    0.9496     0.935    0.9598    0.6294   0.04742  0.009676   0.03478
   196/199     1.69G   0.03127   0.00512  0.001012    0.0374        20       640    0.9479    0.9366    0.9597    0.6353   0.04741  0.009673   0.03474
   197/199     1.69G   0.03179  0.005222    0.0012   0.03822        21       640    0.9496    0.9373    0.9607    0.6277   0.04748  0.009657    0.0348
   198/199     1.69G    0.0315  0.005012  0.001572   0.03809        17       640    0.9516     0.935    0.9599    0.6309   0.04746  0.009661   0.03479
   199/199     1.69G   0.03192  0.005004   0.00121   0.03813        10       640    0.9524    0.9364    0.9599    0.6342   0.04737  0.009664   0.03476
