     0/299     0.25G    0.0818   0.01341   0.04776     0.143        12       640    0.1305  0.001689 0.0006987 0.0001644    0.1009   0.01453   0.04538
     1/299     1.49G   0.07939  0.007925   0.03655    0.1239        15       640 0.0001272   0.01145 1.108e-05  1.52e-06    0.1295   0.00515   0.09285
     2/299     1.49G   0.07721  0.007163   0.03168    0.1161        19       640 1.361e-05  0.006757 9.631e-07 2.507e-07    0.1052   0.01392   0.04854
     3/299     1.49G   0.07103  0.008351   0.02705    0.1064        13       640 0.0007641   0.04412  9.95e-05 1.432e-05   0.09475   0.01782   0.04172
     4/299     1.49G   0.06769  0.009067   0.02448    0.1012        22       640    0.5217   0.00257  0.002039 0.0005066   0.09312   0.01783   0.04193
     5/299     1.49G     0.067  0.008347   0.02352   0.09887         7       640    0.4384    0.0938   0.03447  0.008557   0.09634   0.01638   0.05194
     6/299     1.49G   0.06611  0.007212   0.02078   0.09411        15       640         0         0         0         0    0.1343    0.1977    0.5199
     7/299     1.49G   0.06356  0.006869   0.01903   0.08946        17       640    0.7047   0.07773   0.06409    0.0189   0.09692   0.01267   0.04825
     8/299     1.49G   0.06285  0.006758   0.01831   0.08791        16       640    0.6776    0.0454   0.02757  0.007613    0.0936   0.01497   0.04964
     9/299     1.49G   0.06037  0.006607   0.01531   0.08229         7       640    0.7412    0.1394   0.09908   0.03289    0.0878   0.01388   0.04518
    10/299     1.49G   0.05971  0.006712    0.0135   0.07992        18       640    0.7641       0.1    0.0441   0.01042   0.09787   0.01326   0.07036
    11/299     1.49G   0.06001  0.006764    0.0125   0.07928        16       640    0.4424   0.04824   0.01311  0.002716   0.09745   0.01437   0.06484
    12/299     1.49G   0.05848  0.006679   0.01025   0.07541        20       640    0.8292    0.1184    0.1491   0.04512   0.08631   0.01386   0.04823
    13/299     1.49G   0.05787  0.006459  0.009009   0.07333        12       640    0.7738   0.07622   0.01819  0.006312    0.0964   0.02575   0.09518
    14/299     1.49G   0.05664  0.006626  0.008745   0.07201        15       640    0.2762    0.4946    0.2884   0.09512   0.07963   0.01427   0.04124
    15/299     1.49G   0.05613  0.006408  0.008473   0.07101        20       640    0.1868    0.2018    0.1123   0.04075   0.08329   0.01777   0.04862
    16/299     1.49G   0.05475  0.006129  0.006352   0.06723        16       640    0.3549    0.3525    0.2733   0.08839   0.08265   0.01337   0.05037
    17/299     1.49G   0.05309  0.006192   0.00575   0.06504        20       640    0.9998   0.06402   0.08674   0.04272   0.09419   0.02029   0.09186
    18/299     1.49G   0.05263  0.006204  0.005827   0.06466        14       640    0.6373    0.2719    0.3229    0.1104   0.07717   0.01628    0.0432
    19/299     1.49G   0.05282  0.006075  0.005954   0.06485        16       640    0.6845    0.4846    0.5437    0.1896   0.07647    0.0136    0.0384
    20/299     1.49G   0.05245  0.006163   0.00565   0.06426        21       640    0.6033    0.4985    0.5607    0.2289   0.07362   0.01416   0.03865
    21/299     1.49G   0.05169  0.006106  0.005012   0.06281        11       640    0.6951    0.3271    0.3916     0.146   0.07935    0.0167    0.0431
    22/299     1.49G   0.05142  0.006027  0.005227   0.06268        16       640    0.5111    0.1954    0.2036   0.08798   0.08598   0.01495   0.05148
    23/299     1.49G   0.05113  0.005981  0.004807   0.06192         7       640    0.5892     0.649    0.6482    0.2526   0.07349   0.01301    0.0356
    24/299     1.49G   0.04992  0.005944  0.004992   0.06086         9       640      0.47    0.5336    0.4659    0.1663   0.07798   0.01263   0.04176
    25/299     1.49G   0.04944  0.005936  0.003838   0.05921        13       640     0.587    0.7107    0.6806    0.2721   0.07333   0.01321   0.04302
    26/299     1.49G   0.04936   0.00585  0.004861   0.06007        10       640    0.6991    0.6599    0.7276    0.3331   0.07083   0.01261   0.03797
    27/299     1.49G   0.04895  0.005891  0.004518   0.05936        15       640     0.715    0.7121    0.7643     0.385    0.0673   0.01245   0.03257
    28/299     1.49G   0.04852  0.005843   0.00423    0.0586        15       640    0.6035    0.7364    0.7232    0.3434   0.06799   0.01253   0.03437
    29/299     1.49G   0.04714  0.005782  0.003457   0.05638        15       640    0.4636     0.513    0.4001    0.1752   0.07618   0.01552   0.03526
    30/299     1.49G   0.04894  0.005758  0.003954   0.05865        16       640    0.7137    0.7282    0.7507    0.3829     0.067   0.01241   0.03455
    31/299     1.49G   0.04797  0.005681  0.003792   0.05745        10       640    0.5002    0.5232    0.5324    0.2126   0.07581    0.0141    0.0341
    32/299     1.49G   0.04761  0.005925  0.004234   0.05777        11       640    0.4958    0.6725    0.5768    0.2341   0.07037   0.01306   0.03771
    33/299     1.49G   0.04728  0.005832  0.003861   0.05698        17       640    0.5091    0.4767    0.4773    0.2025   0.07584   0.01298   0.03842
    34/299     1.49G   0.04673  0.005659  0.003132   0.05552        13       640     0.763    0.7519    0.8102    0.3928   0.06735   0.01149   0.03384
    35/299     1.49G   0.04658  0.005694  0.003495   0.05577        17       640    0.8168    0.7214    0.8326    0.4351   0.06592   0.01185   0.03528
    36/299     1.49G   0.04678  0.005733  0.003263   0.05578         8       640    0.6673    0.5142    0.5772    0.2491   0.06951   0.01321   0.03491
    37/299     1.49G   0.04622  0.005772  0.003797   0.05578        10       640    0.6633    0.7892    0.8062    0.3576   0.06629   0.01166    0.0349
    38/299     1.49G   0.04628  0.005747  0.003015   0.05504        16       640    0.3374    0.3556    0.3147    0.1192   0.08226   0.01778   0.05095
    39/299     1.49G   0.04643  0.005651  0.004496   0.05658        19       640    0.5752    0.7674    0.7212    0.2698   0.07076   0.01207   0.03588
    40/299     1.49G   0.04614  0.005907  0.003615   0.05566        11       640    0.7611    0.7206    0.8258    0.4176   0.06539   0.01214   0.03319
    41/299     1.49G   0.04524  0.005793  0.004287   0.05532        20       640    0.5649    0.6977    0.6955    0.3442   0.06899   0.01249   0.03544
    42/299     1.49G   0.04579  0.005595  0.003396   0.05478        13       640    0.5241    0.7353    0.6962    0.3314   0.06776   0.01304   0.03285
    43/299     1.49G   0.04552  0.005495   0.00269   0.05371        13       640    0.5343    0.6815    0.5426    0.2346   0.06827   0.01395   0.03659
    44/299     1.49G   0.04485  0.005655  0.002586    0.0531        29       640    0.5182    0.5592    0.5714    0.2472   0.07343   0.01354   0.03678
    45/299     1.49G   0.04464  0.005561  0.003436   0.05364        17       640    0.7543    0.7697    0.8206     0.381   0.06558   0.01189   0.03687
    46/299     1.49G   0.04536  0.005569  0.003316   0.05425        22       640    0.3331    0.2063    0.1637   0.06883   0.08438   0.01683   0.05947
    47/299     1.49G   0.04489  0.005569  0.003807   0.05426        12       640    0.7663    0.7925    0.8415    0.3863    0.0635   0.01169   0.03442
    48/299     1.49G   0.04467  0.005521  0.003923   0.05411        16       640    0.5786    0.5765    0.5298    0.2586   0.06907   0.02089   0.03791
    49/299     1.49G   0.04399  0.005633  0.002854   0.05248        15       640    0.6291    0.8084    0.8268    0.3884   0.06399   0.01313   0.03442
    50/299     1.49G   0.04343  0.005453  0.002664   0.05155        30       640    0.7584    0.7943    0.8142    0.3901   0.06209   0.01207   0.03283
    51/299     1.49G   0.04358  0.005627  0.002873   0.05208        19       640    0.6011    0.5648    0.5601    0.2406   0.07217   0.01571   0.04339
    52/299     1.49G   0.04293  0.005529  0.002502   0.05096        14       640    0.7652    0.8004    0.8436    0.4148   0.06093   0.01172   0.03429
    53/299     1.49G    0.0435  0.005584  0.002941   0.05203        23       640    0.8034    0.8101    0.8596    0.4496    0.0627     0.012    0.0356
    54/299     1.49G   0.04351  0.005533  0.002917   0.05196        17       640    0.7768    0.7731    0.8115     0.423   0.06547   0.01223   0.03833
    55/299     1.49G   0.04274  0.005479  0.003152   0.05137        13       640    0.7379    0.7333    0.8521    0.3983    0.0619   0.01201   0.03426
    56/299     1.49G   0.04329  0.005541  0.003271    0.0521        15       640    0.6656    0.7303    0.7519    0.3523   0.06457   0.01309   0.03641
    57/299     1.49G   0.04253  0.005444   0.00274   0.05071        12       640      0.76    0.7114    0.7709    0.3346   0.06666   0.01273   0.03555
    58/299     1.49G   0.04192  0.005422  0.002851    0.0502        20       640    0.8238    0.5901    0.6954    0.2878   0.06649    0.0128    0.0369
    59/299     1.49G   0.04282   0.00545  0.002744   0.05102        18       640    0.6802    0.5648    0.6368    0.2942   0.06819   0.01287   0.03901
    60/299     1.49G   0.04259  0.005451   0.00247   0.05051        19       640    0.8147    0.8686    0.8944    0.5004   0.06078   0.01158   0.03315
    61/299     1.49G   0.04243  0.005177  0.002535   0.05015        15       640    0.6186    0.8035    0.7426    0.3664   0.06241   0.01388   0.03424
    62/299     1.49G   0.04264  0.005458  0.002407   0.05051         5       640    0.5536    0.7359    0.6777    0.3156   0.06739    0.0199   0.03628
    63/299     1.49G   0.04151  0.005514  0.002396   0.04942        10       640    0.7824    0.8644    0.8826    0.4789   0.06101   0.01189   0.03406
    64/299     1.49G   0.04161  0.005526  0.002619   0.04975        21       640     0.782    0.6504     0.755    0.3367   0.07052   0.01235    0.0366
    65/299     1.49G   0.04156  0.005406  0.002565   0.04953        13       640     0.837    0.8446    0.8946    0.5023   0.06074   0.01192   0.03396
    66/299     1.49G   0.04151  0.005369  0.002049   0.04892         5       640    0.8051    0.8194    0.8941    0.4338   0.06003   0.01182   0.03392
    67/299     1.49G     0.041  0.005282  0.002361   0.04865        22       640    0.6179    0.5324    0.6127    0.2727   0.06692   0.01438   0.03861
    68/299     1.49G   0.04067  0.005162  0.002385   0.04821        17       640    0.8484    0.8494     0.899    0.4698   0.06138   0.01122   0.03614
    69/299     1.49G   0.04141  0.005318  0.002486   0.04921        16       640    0.8955    0.8166    0.9079    0.4638      0.06   0.01135    0.0336
    70/299     1.49G   0.04159  0.005289  0.002467   0.04934        18       640    0.8687    0.8527    0.9104    0.5055   0.05993   0.01152   0.03495
    71/299     1.49G    0.0405  0.005287  0.001802   0.04759        13       640     0.858    0.8349     0.895    0.4875   0.05921   0.01161   0.03409
    72/299     1.49G   0.04112  0.005295  0.002475   0.04889         9       640    0.8391    0.7632    0.8576    0.4169   0.06272   0.01194   0.03476
    73/299     1.49G   0.04072  0.005152  0.002301   0.04818         9       640     0.578    0.6818     0.696    0.3312   0.06852   0.01615   0.04122
    74/299     1.49G   0.04096  0.005333  0.002218   0.04851        21       640    0.8156    0.7579    0.8425    0.4067   0.06395   0.01202   0.03675
    75/299     1.49G   0.03949  0.005252  0.002156    0.0469        10       640     0.522    0.7264    0.6047    0.2722    0.0638   0.01431    0.0385
    76/299     1.49G   0.04059  0.005216  0.002345   0.04815        15       640    0.8407    0.8663    0.9213    0.4913   0.05853   0.01136   0.03369
    77/299     1.49G   0.03962   0.00532  0.002295   0.04724        18       640     0.869     0.753    0.8884    0.4512   0.06144   0.01189   0.03545
    78/299     1.49G   0.04014  0.005314  0.002317   0.04778         8       640    0.8452    0.8791    0.9116    0.4946   0.05776   0.01143   0.03443
    79/299     1.49G   0.04037  0.005145  0.002574   0.04809        14       640    0.6744    0.6622       0.7    0.2907   0.06956   0.01281   0.04177
    80/299     1.49G   0.04027  0.005225  0.002577   0.04808        10       640    0.8654    0.8734    0.9092    0.4947   0.05737   0.01169   0.03493
    81/299     1.49G   0.04005  0.005183  0.002337   0.04757         9       640    0.8664    0.7986    0.8668    0.4524   0.06102   0.01233   0.03543
    82/299     1.49G   0.03977   0.00512  0.001846   0.04673         8       640    0.8539    0.7828    0.8874    0.4676   0.06141   0.01159   0.03848
    83/299     1.49G   0.03982  0.005272  0.002141   0.04723        17       640    0.8808    0.8818    0.9187    0.5354   0.05851   0.01127   0.03421
    84/299     1.49G   0.03974  0.005235  0.002002   0.04698         7       640    0.8309     0.774      0.84    0.4388   0.05997   0.01152   0.03503
    85/299     1.49G   0.04013   0.00516  0.002227   0.04752        12       640    0.8407    0.8902    0.9092     0.488   0.06059   0.01111   0.03362
    86/299     1.49G   0.03956  0.005291  0.001931   0.04678        22       640    0.8428    0.7707    0.8771    0.4505    0.0621   0.01214   0.03396
    87/299     1.49G   0.03858  0.005118    0.0023     0.046        16       640    0.8918     0.913    0.9389    0.5363   0.05928   0.01105   0.03307
    88/299     1.49G   0.03866  0.005167  0.002369    0.0462        15       640    0.8623     0.895     0.938    0.5546   0.05802   0.01097     0.033
    89/299     1.49G   0.03952  0.005229  0.001908   0.04666         8       640    0.6425    0.7405    0.7804    0.3664   0.06607   0.01267   0.03644
    90/299     1.49G   0.03873  0.005062  0.002064   0.04586        22       640    0.8614    0.9046     0.934    0.5459   0.05828   0.01085   0.03448
    91/299     1.49G   0.03933  0.005087  0.001898   0.04631        19       640    0.9066    0.8403    0.9242    0.5003   0.05891   0.01089   0.03492
    92/299     1.49G   0.03913  0.005083  0.002074   0.04629        25       640    0.8042    0.7488    0.8254    0.4156   0.06157   0.01159   0.03727
    93/299     1.49G   0.03904  0.005018  0.002011   0.04607         8       640    0.8302    0.8586    0.9056    0.4935   0.06043   0.01125   0.03374
    94/299     1.49G   0.03923  0.005177  0.002398   0.04681        35       640    0.8927    0.8641    0.9258    0.5121   0.05692   0.01094   0.03485
    95/299     1.49G   0.03873  0.005239  0.001836   0.04581        16       640    0.8292    0.8651    0.9051    0.4674   0.06005   0.01145   0.03431
    96/299     1.49G   0.03829  0.005097  0.001589   0.04498        22       640    0.8109    0.6524    0.8155    0.4028   0.06352    0.0129   0.03475
    97/299     1.49G   0.03733  0.005056  0.001634   0.04402         9       640    0.8854    0.9013    0.9305    0.5456   0.05725   0.01094   0.03403
    98/299     1.49G   0.03835   0.00496  0.001693   0.04501        21       640    0.7185    0.7125    0.8166    0.4284   0.05934   0.01191   0.03283
    99/299     1.49G   0.03938  0.005041  0.001949   0.04637        14       640    0.9126    0.8237    0.9221    0.5298   0.05786   0.01094   0.03336
   100/299     1.49G   0.03869  0.005035  0.002019   0.04574        13       640    0.8187    0.7906    0.8453    0.4431   0.06099   0.01181    0.0349
   101/299     1.49G   0.03778  0.005036  0.001939   0.04476        14       640    0.8629    0.9091    0.9271    0.5361   0.05759   0.01099     0.034
   102/299     1.49G   0.03821  0.005034  0.001975   0.04522         9       640     0.899    0.8579    0.9254     0.524   0.05882   0.01113   0.03477
   103/299     1.49G   0.03833  0.005066  0.001531   0.04493        21       640    0.8982    0.9004    0.9415    0.5339   0.05805   0.01108   0.03444
   104/299     1.49G   0.03825  0.005018  0.001993   0.04526        13       640    0.6644    0.7388    0.7001    0.3882   0.05965   0.01303   0.03542
   105/299     1.49G   0.03875  0.005211  0.002715   0.04667        22       640    0.9394    0.8501    0.9303    0.5348   0.05956   0.01118   0.03346
   106/299     1.49G   0.03799  0.004985  0.001811   0.04478        12       640    0.9307    0.9097    0.9483    0.5472   0.05704   0.01098   0.03503
   107/299     1.49G    0.0385  0.005053   0.00174   0.04529        19       640    0.9265    0.7357    0.8958    0.4936   0.06095   0.01159   0.03627
   108/299     1.49G    0.0383   0.00502  0.001712   0.04503        12       640    0.8957    0.9018    0.9288    0.5342   0.05872   0.01092   0.03467
   109/299     1.49G    0.0382  0.004977  0.001855   0.04503        17       640    0.8947    0.9135    0.9381    0.5507   0.05692   0.01088   0.03489
   110/299     1.49G   0.03789  0.005046  0.001857   0.04479        24       640     0.886    0.8848    0.9319     0.537   0.05743   0.01173   0.03444
   111/299     1.49G   0.03851   0.00504  0.001716   0.04527        18       640     0.843    0.9212    0.9359    0.5326   0.05609   0.01096   0.03451
   112/299     1.49G   0.03728  0.005105  0.001856   0.04424        19       640    0.9159    0.9044    0.9384    0.5502   0.05737   0.01118   0.03363
   113/299     1.49G   0.03741  0.004962  0.001776   0.04415        19       640    0.9261    0.8804    0.9367    0.5296   0.05715   0.01114   0.03352
   114/299     1.49G   0.03803  0.005187  0.002116   0.04533         9       640     0.909    0.8829    0.9163    0.5268   0.05767   0.01112   0.03427
   115/299     1.49G   0.03814  0.004949  0.002336   0.04542        30       640    0.9182      0.91    0.9476     0.559   0.05618   0.01099   0.03342
   116/299     1.49G   0.03791  0.005095  0.002158   0.04516        27       640    0.8459    0.9134    0.9338    0.5563   0.05664   0.01113   0.03283
   117/299     1.49G   0.03688  0.004997  0.002052   0.04393        16       640    0.8645    0.8903    0.9452    0.5673   0.05577   0.01113   0.03477
   118/299     1.49G   0.03772  0.004937  0.001888   0.04454        17       640     0.916    0.8951    0.9438     0.559   0.05749   0.01095   0.03299
   119/299     1.49G   0.03736  0.005025    0.0019   0.04428         7       640    0.9246    0.8805    0.9305    0.5387   0.05603    0.0112   0.03523
   120/299     1.49G   0.03715  0.005105  0.001992   0.04425        25       640     0.921    0.8537    0.9089    0.5115   0.05751   0.01125   0.03563
   121/299     1.49G   0.03683  0.005006  0.001725   0.04356        20       640     0.931    0.8987    0.9375    0.5705   0.05592   0.01118   0.03465
   122/299     1.49G   0.03775  0.004986  0.001375   0.04411        18       640    0.9019    0.9001      0.94    0.5477   0.05578   0.01093   0.03486
   123/299     1.49G   0.03666  0.004971  0.001547   0.04318        11       640    0.8938     0.915    0.9317    0.5708    0.0562   0.01085   0.03473
   124/299     1.49G   0.03697  0.004862  0.001982   0.04381        11       640    0.8936    0.9025     0.936    0.5311   0.05717   0.01081   0.03435
   125/299     1.49G   0.03716  0.005025  0.001905   0.04409        13       640    0.8675    0.8407     0.925    0.5192   0.05687   0.01121   0.03474
   126/299     1.49G   0.03635  0.004837  0.001531   0.04272        16       640    0.8555    0.9157    0.9239    0.5453   0.05763   0.01127   0.03677
   127/299     1.49G   0.03695  0.004877  0.001699   0.04352        14       640    0.8868    0.7017     0.851    0.4429   0.05855   0.01192   0.03759
   128/299     1.49G   0.03662  0.004976   0.00156   0.04316        12       640    0.8857    0.7846    0.8951    0.5097   0.05739   0.01179   0.03375
   129/299     1.49G   0.03617  0.004983  0.001796   0.04295        19       640    0.8965     0.873    0.9098    0.5032   0.05549   0.01098   0.03584
   130/299     1.49G   0.03571  0.004746  0.001521   0.04198        10       640    0.9298    0.9198    0.9429    0.5707   0.05601   0.01093   0.03421
   131/299     1.49G   0.03703  0.004938   0.00171   0.04368        13       640     0.895    0.9042    0.9432    0.5902   0.05563   0.01076   0.03534
   132/299     1.49G   0.03631  0.005047  0.001778   0.04314        12       640    0.9017    0.9004     0.934    0.5701   0.05543     0.011   0.03471
   133/299     1.49G   0.03694  0.004997  0.001481   0.04342         5       640    0.9232    0.8716    0.9219    0.5471   0.05617   0.01075   0.03425
   134/299     1.49G   0.03641   0.00499  0.001335   0.04273        10       640    0.9219    0.9014    0.9364    0.5674   0.05628   0.01084     0.034
   135/299     1.49G    0.0361  0.004824  0.001827   0.04275        17       640    0.9254     0.858    0.9307    0.5476   0.05583   0.01127   0.03267
   136/299     1.49G   0.03638  0.004965  0.001601   0.04294        17       640    0.9139    0.8859    0.9336    0.5502   0.05657    0.0111   0.03367
   137/299     1.49G   0.03628  0.004944  0.001612   0.04284        16       640    0.9263    0.9154    0.9445    0.5812   0.05461   0.01076   0.03286
   138/299     1.49G    0.0364  0.005032  0.002011   0.04344        17       640    0.9257    0.8736    0.9295    0.5757   0.05533   0.01114   0.03387
   139/299     1.49G   0.03587  0.004964   0.00187   0.04271        11       640    0.9215    0.8648    0.9222    0.5205   0.05737   0.01162   0.03437
   140/299     1.49G   0.03588  0.005039  0.001595   0.04251        12       640    0.7937    0.8545    0.8944    0.5001   0.05621   0.01166    0.0336
   141/299     1.49G    0.0357  0.004798  0.001442   0.04194        19       640    0.8792     0.892    0.9369    0.5573   0.05476   0.01125   0.03279
   142/299     1.49G    0.0359  0.004823  0.001546   0.04227        24       640    0.9104    0.8828    0.9293    0.5633   0.05644   0.01102   0.03347
   143/299     1.49G   0.03578  0.005025  0.001686   0.04249        18       640    0.9226    0.9187     0.952    0.5867   0.05514   0.01074   0.03416
   144/299     1.49G    0.0367  0.004788  0.001935   0.04342        19       640    0.9177    0.8165    0.9285    0.5298   0.05539   0.01139   0.03445
   145/299     1.49G   0.03602  0.004783  0.001538   0.04234        17       640    0.8047    0.7771    0.8638    0.4917     0.057   0.01238   0.03359
   146/299     1.49G   0.03553  0.004863  0.001445   0.04184        18       640    0.9109    0.9249    0.9434    0.5739   0.05444   0.01097   0.03363
   147/299     1.49G   0.03531  0.004917  0.001664   0.04189        10       640    0.9341    0.9187    0.9448    0.5656   0.05435    0.0107   0.03331
   148/299     1.49G   0.03488  0.004899  0.001492   0.04127        17       640    0.7908    0.7824    0.8333    0.4678    0.0575   0.01195   0.03351
   149/299     1.49G   0.03533  0.004958  0.001333   0.04162        26       640    0.9207    0.9409    0.9496    0.5898   0.05527    0.0108   0.03262
   150/299     1.49G   0.03576  0.005008  0.001658   0.04243        20       640    0.9328    0.9202    0.9414     0.575   0.05504   0.01087   0.03267
   151/299     1.49G    0.0353  0.004987  0.001333   0.04162        22       640    0.9286    0.9072     0.941    0.5857    0.0545   0.01095   0.03332
   152/299     1.49G   0.03561   0.00483   0.00182   0.04226        13       640    0.8968    0.9084    0.9411    0.5844   0.05566   0.01081    0.0331
   153/299     1.49G   0.03541  0.004872  0.001443   0.04172        24       640    0.9118     0.924    0.9451    0.5752   0.05478   0.01097   0.03334
   154/299     1.49G   0.03579  0.004809   0.00202   0.04262        21       640    0.5768    0.6939    0.5678    0.2751   0.06459   0.01546    0.0364
   155/299     1.49G   0.03508  0.004757  0.001461   0.04129        13       640    0.9272    0.9029    0.9493    0.5812   0.05495   0.01087     0.033
   156/299     1.49G   0.03577  0.004996   0.00201   0.04278        20       640    0.9286    0.9124    0.9466    0.5894   0.05526   0.01067   0.03334
   157/299     1.49G   0.03443  0.004889  0.001309   0.04063        17       640    0.9272    0.9184      0.94    0.5905   0.05487   0.01082     0.034
   158/299     1.49G   0.03557  0.004835   0.00153   0.04193        14       640    0.9021    0.9237    0.9416    0.5856   0.05393   0.01093   0.03301
   159/299     1.49G    0.0356  0.004794  0.001727   0.04212         7       640    0.8862    0.9318    0.9469    0.5844   0.05457   0.01107   0.03386
   160/299     1.49G   0.03491  0.004861  0.001599   0.04137        14       640    0.9146    0.9012    0.9368    0.5962   0.05411   0.01088   0.03374
   161/299     1.49G   0.03529  0.004948  0.001596   0.04183        13       640    0.8975    0.9251    0.9379    0.5833    0.0548   0.01092   0.03349
   162/299     1.49G   0.03507  0.004913  0.001592   0.04157        12       640    0.8948    0.8923    0.9307    0.5879   0.05445   0.01074   0.03316
   163/299     1.49G   0.03453  0.004773  0.001454   0.04076        13       640    0.9071    0.9265    0.9434    0.6004   0.05385   0.01085   0.03378
   164/299     1.49G    0.0347  0.005049  0.001477   0.04123        22       640    0.9395    0.9229     0.951    0.6012   0.05534   0.01054   0.03344
   165/299     1.49G   0.03508  0.004829  0.001523   0.04144        30       640    0.9446     0.916    0.9505    0.5687   0.05402   0.01085   0.03303
   166/299     1.49G   0.03473  0.004831  0.001172   0.04073        27       640    0.9198    0.8906    0.9344    0.5641   0.05347   0.01097   0.03365
   167/299     1.49G   0.03437  0.004784  0.001353   0.04051        14       640    0.9084    0.9183    0.9454    0.5758   0.05366    0.0107   0.03323
   168/299     1.49G    0.0347  0.004902  0.001553   0.04116        13       640    0.9232    0.9392     0.951    0.5964   0.05381   0.01064   0.03311
   169/299     1.49G   0.03446  0.004845  0.001452   0.04076        11       640    0.9283    0.9161    0.9473    0.5871   0.05327   0.01075   0.03339
   170/299     1.49G   0.03391  0.004777  0.001367   0.04005         5       640    0.9417    0.9304    0.9509    0.6028   0.05409   0.01071   0.03404
   171/299     1.49G   0.03395  0.004748  0.001198    0.0399         9       640    0.9273    0.9231    0.9497    0.5927    0.0534   0.01092   0.03332
   172/299     1.49G   0.03417  0.004823  0.001417   0.04041        15       640    0.9323    0.9309    0.9512    0.6053   0.05317   0.01063   0.03307
   173/299     1.49G   0.03476  0.004693  0.001656   0.04111        14       640    0.9194    0.9381    0.9536    0.6027   0.05348   0.01072   0.03287
   174/299     1.49G   0.03449    0.0048   0.00178   0.04107        15       640    0.9243    0.9049    0.9383    0.6027   0.05329   0.01067   0.03322
   175/299     1.49G   0.03535   0.00478  0.001709   0.04184        14       640    0.9225    0.9146    0.9421    0.5924   0.05349   0.01067   0.03411
   176/299     1.49G   0.03418  0.004875  0.001375   0.04043        17       640    0.9303    0.8977    0.9464    0.5957   0.05384    0.0106   0.03447
   177/299     1.49G   0.03428  0.004733  0.001632   0.04064        12       640    0.9063    0.9365    0.9492    0.6055   0.05392   0.01061   0.03401
   178/299     1.49G   0.03469  0.004945  0.001582   0.04122        15       640     0.906    0.9061    0.9406    0.6088   0.05332   0.01061   0.03299
   179/299     1.49G   0.03446  0.004795  0.001318   0.04057         8       640    0.9132    0.9186    0.9434     0.581   0.05328   0.01079   0.03337
   180/299     1.49G   0.03414  0.004801  0.001171   0.04011         6       640    0.9289    0.9018    0.9417    0.5847    0.0525   0.01067   0.03432
   181/299     1.49G   0.03394   0.00476  0.001372   0.04007        13       640    0.9127    0.9103    0.9451    0.6115   0.05249   0.01074   0.03452
   182/299     1.49G   0.03366  0.004809  0.001263   0.03973        11       640    0.9364     0.908    0.9468    0.6057   0.05287   0.01064   0.03386
   183/299     1.49G   0.03395  0.004747  0.001225   0.03992        17       640    0.9143    0.9352     0.947     0.616   0.05262   0.01059   0.03403
   184/299     1.49G   0.03342  0.004754  0.001459   0.03964         9       640     0.923    0.9167    0.9437    0.6085   0.05273   0.01067   0.03391
   185/299     1.49G   0.03387  0.004735  0.001589    0.0402        17       640    0.9379    0.9006    0.9453    0.6013   0.05274   0.01072   0.03407
   186/299     1.49G   0.03364  0.004715 0.0009903   0.03934         7       640    0.9029    0.9309    0.9492    0.5948   0.05239   0.01074   0.03391
   187/299     1.49G   0.03345  0.004808  0.001004   0.03926        20       640    0.9102    0.9152    0.9466    0.5792   0.05241   0.01075   0.03388
   188/299     1.49G   0.03438  0.004762  0.001294   0.04044        11       640    0.9235    0.9262    0.9487    0.6018   0.05307   0.01052   0.03362
   189/299     1.49G   0.03376  0.004675  0.001307   0.03975        24       640    0.9492    0.9007    0.9479    0.6032   0.05285   0.01055   0.03366
   190/299     1.49G   0.03361  0.004602  0.001763   0.03998        14       640      0.92    0.9328    0.9437    0.5989    0.0526   0.01058   0.03364
   191/299     1.49G   0.03324  0.004702  0.001148   0.03909        23       640    0.9239    0.9172    0.9451    0.6109   0.05231   0.01058   0.03374
   192/299     1.49G   0.03409  0.004779  0.001455   0.04033         7       640    0.9264    0.9211    0.9485    0.6078   0.05348   0.01051   0.03297
   193/299     1.49G   0.03304  0.004683  0.001686   0.03941        16       640    0.9171    0.9215      0.95    0.5925   0.05256   0.01078   0.03256
   194/299     1.49G   0.03352  0.004738  0.001195   0.03946        19       640     0.929    0.9194    0.9483    0.6083   0.05252   0.01062   0.03282
   195/299     1.49G   0.03391  0.004619  0.001857   0.04038        23       640    0.9172    0.9288    0.9441    0.5999   0.05279   0.01069   0.03252
   196/299     1.49G   0.03363  0.004778  0.001582   0.03999        17       640    0.8998     0.927    0.9407    0.6027   0.05256   0.01072   0.03287
   197/299     1.49G   0.03337  0.004887  0.001636   0.03989        18       640    0.9068    0.9151    0.9422    0.6104   0.05237   0.01066   0.03331
   198/299     1.49G    0.0335  0.004715  0.001489   0.03971        25       640    0.9206    0.9244    0.9459    0.6066    0.0525   0.01071   0.03332
   199/299     1.49G   0.03271   0.00472  0.001258   0.03869        15       640    0.9041    0.9158    0.9453    0.5872   0.05198   0.01098   0.03334
   200/299     1.49G   0.03267  0.004669  0.001286   0.03862        15       640    0.9211    0.9138    0.9485    0.5852    0.0524   0.01093   0.03308
   201/299     1.49G   0.03297  0.004659 0.0009784   0.03861        12       640    0.9427    0.9142     0.949    0.6028   0.05294   0.01059   0.03392
   202/299     1.49G   0.03322  0.004721  0.001025   0.03896        23       640    0.9428    0.9119    0.9503    0.6004   0.05292   0.01063   0.03349
   203/299     1.49G   0.03315  0.004693  0.001382   0.03922        13       640    0.9294    0.9275    0.9492    0.5943   0.05343   0.01058   0.03342
   204/299     1.49G   0.03278  0.004697  0.001326   0.03881        23       640    0.9401    0.9133    0.9522    0.6048   0.05273   0.01055   0.03348
   205/299     1.49G   0.03303  0.004872  0.001447   0.03935        19       640    0.9307    0.9157    0.9511    0.6137   0.05255    0.0106   0.03358
   206/299     1.49G   0.03311  0.004722  0.001265    0.0391         9       640    0.9139    0.9277    0.9484    0.6175   0.05247   0.01054    0.0334
   207/299     1.49G   0.03269  0.004761  0.001255   0.03871        22       640    0.9328    0.9153     0.948    0.6177   0.05226   0.01052    0.0334
   208/299     1.49G   0.03271  0.004574  0.001247   0.03853        18       640    0.9192    0.9312    0.9507    0.6214   0.05196   0.01052   0.03296
   209/299     1.49G   0.03323  0.004824  0.001172   0.03922        20       640    0.9284    0.9212    0.9492    0.6121    0.0519   0.01052   0.03298
   210/299     1.49G   0.03289  0.004683  0.001103   0.03868        25       640    0.9142    0.9343    0.9533    0.6113   0.05179   0.01057   0.03304
   211/299     1.49G   0.03175  0.004655  0.001273   0.03768        27       640    0.9184    0.9428    0.9549    0.6091   0.05152    0.0106   0.03305
   212/299     1.49G   0.03177  0.004707  0.001263   0.03775        22       640    0.9031    0.9363    0.9508    0.6146   0.05147   0.01046   0.03332
   213/299     1.49G   0.03256  0.004728  0.001357   0.03865        24       640    0.9153    0.9245    0.9515    0.5954   0.05101   0.01065   0.03347
   214/299     1.49G    0.0332   0.00472  0.001137   0.03906         5       640    0.9087    0.9358    0.9493     0.604   0.05134   0.01054   0.03321
   215/299     1.49G   0.03312  0.004747  0.001134     0.039        22       640    0.9425    0.9043    0.9478    0.6134   0.05143    0.0105   0.03308
   216/299     1.49G   0.03218  0.004567  0.001138   0.03789        20       640    0.9506    0.8905    0.9461    0.6106   0.05091   0.01057   0.03329
   217/299     1.49G   0.03198  0.004645   0.00126   0.03788        12       640    0.9099    0.9265    0.9473    0.6094     0.051   0.01057     0.033
   218/299     1.49G   0.03257  0.004906 0.0009918   0.03846        12       640    0.9341    0.9073      0.95    0.6089   0.05167   0.01056   0.03287
   219/299     1.49G   0.03296  0.004603  0.001415   0.03898        15       640    0.9402    0.9074    0.9539    0.6145   0.05142   0.01059   0.03295
   220/299     1.49G   0.03271  0.004739  0.001505   0.03895        23       640    0.9177    0.9275    0.9523    0.6056    0.0511   0.01068   0.03328
   221/299     1.49G   0.03238  0.004642 0.0008924   0.03791        24       640    0.9069     0.936     0.953    0.6122   0.05148   0.01055   0.03328
   222/299     1.49G    0.0318  0.004716 0.0009862    0.0375        19       640    0.9289    0.9159     0.952    0.6107   0.05179   0.01051   0.03347
   223/299     1.49G   0.03219  0.004734  0.001069     0.038        15       640    0.9205    0.9258    0.9483    0.6159   0.05175   0.01048   0.03357
   224/299     1.49G   0.03201  0.004679  0.001192   0.03788         9       640    0.9378    0.9117    0.9483    0.6106   0.05144   0.01052   0.03352
   225/299     1.49G   0.03212   0.00466 0.0009687   0.03775        14       640    0.9237    0.9212    0.9474    0.6107   0.05131   0.01052   0.03356
   226/299     1.49G   0.03207   0.00463  0.001046   0.03775        31       640    0.9325    0.9137     0.947     0.608   0.05113   0.01052   0.03357
   227/299     1.49G   0.03174  0.004669  0.001193    0.0376        10       640    0.9349    0.9156    0.9469    0.6125   0.05122   0.01048   0.03376
   228/299     1.49G   0.03129  0.004573  0.001163   0.03703        13       640    0.9346     0.916    0.9534    0.6077   0.05118    0.0105   0.03347
   229/299     1.49G   0.03236  0.004669  0.001243   0.03827        11       640    0.9306    0.9182      0.95     0.614   0.05115   0.01047   0.03333
   230/299     1.49G   0.03239  0.004672  0.001136    0.0382        20       640    0.9238    0.9297     0.953    0.6197   0.05119   0.01048   0.03334
   231/299     1.49G   0.03219  0.004748  0.001183   0.03812        22       640    0.9254    0.9352    0.9546    0.6105   0.05125   0.01053   0.03339
   232/299     1.49G   0.03194  0.004625  0.001409   0.03798        20       640    0.9333    0.9318    0.9506    0.6143   0.05135   0.01052    0.0333
   233/299     1.49G   0.03232  0.004589  0.001426   0.03833        13       640    0.9396     0.915    0.9487    0.6219   0.05114   0.01052    0.0335
   234/299     1.49G   0.03158  0.004805  0.001275   0.03766        11       640    0.9413    0.9277    0.9544    0.6134   0.05097   0.01055   0.03355
   235/299     1.49G   0.03194  0.004667  0.001452   0.03806        18       640    0.9339    0.9196    0.9503    0.6132   0.05139   0.01049   0.03366
   236/299     1.49G   0.03176   0.00466  0.001274    0.0377        20       640    0.9206    0.9248    0.9475    0.6087   0.05104   0.01054    0.0337
   237/299     1.49G   0.03203  0.004607 0.0009188   0.03756        17       640    0.9138    0.9285    0.9483    0.6067   0.05098   0.01053   0.03375
   238/299     1.49G   0.03159  0.004569  0.001007   0.03717        13       640    0.9421    0.9364    0.9568    0.6131   0.05115   0.01047   0.03368
   239/299     1.49G   0.03225   0.00473   0.00115   0.03813        23       640    0.9358    0.9439    0.9565    0.6094   0.05105   0.01048   0.03376
   240/299     1.49G   0.03217  0.004617  0.001397   0.03818        12       640    0.9382    0.9319    0.9525    0.6144   0.05126   0.01047   0.03348
   241/299     1.49G   0.03183  0.004547  0.001176   0.03755        29       640    0.9465    0.9372    0.9591    0.6133   0.05126   0.01049   0.03351
   242/299     1.49G   0.03188  0.004755  0.001001   0.03764        10       640    0.9393     0.935    0.9589    0.6169    0.0512    0.0105   0.03354
   243/299     1.49G    0.0322  0.004675  0.001286   0.03816        10       640    0.9345    0.9396    0.9533     0.613   0.05123   0.01047   0.03351
   244/299     1.49G   0.03181  0.004548  0.001495   0.03785        17       640    0.9342    0.9422    0.9537    0.6162   0.05123   0.01048   0.03336
   245/299     1.49G   0.03191  0.004612  0.001058   0.03758         9       640    0.9277    0.9434    0.9541    0.6138   0.05114    0.0105   0.03332
   246/299     1.49G   0.03184  0.004511 0.0009771   0.03733        15       640    0.9338    0.9358    0.9528    0.6138    0.0512   0.01047   0.03325
   247/299     1.49G   0.03208  0.004681  0.000973   0.03774        23       640    0.9301    0.9375    0.9513    0.6186   0.05135   0.01045   0.03339
   248/299     1.49G   0.03148  0.004656  0.001375   0.03751        20       640    0.9326    0.9318    0.9517    0.6175   0.05124   0.01048   0.03339
   249/299     1.49G    0.0309  0.004694   0.00106   0.03665        18       640    0.9262    0.9378    0.9513    0.6129   0.05109   0.01049   0.03348
   250/299     1.49G    0.0321   0.00474  0.001103   0.03794        18       640    0.9229     0.941    0.9519    0.6152   0.05101   0.01048   0.03354
   251/299     1.49G   0.03165   0.00463  0.001152   0.03743        15       640    0.9325     0.935    0.9515    0.6175   0.05096   0.01048   0.03354
   252/299     1.49G   0.03192  0.004725  0.001053    0.0377        13       640    0.9459    0.9354    0.9577    0.6161   0.05088   0.01046   0.03357
   253/299     1.49G   0.03149  0.004792   0.00117   0.03745        15       640    0.9439    0.9328    0.9578    0.6092   0.05084   0.01048   0.03359
   254/299     1.49G   0.03137  0.004747  0.001177   0.03729        11       640    0.9307    0.9451    0.9581    0.6073   0.05089   0.01048   0.03348
   255/299     1.49G   0.03156  0.004667  0.001418   0.03765         8       640    0.9326    0.9352    0.9542    0.6139   0.05094    0.0105   0.03339
   256/299     1.49G   0.03079  0.004594  0.001147   0.03654        20       640    0.9254    0.9337    0.9533    0.6142    0.0508   0.01052   0.03341
   257/299     1.49G    0.0313  0.004643  0.001265   0.03721        18       640    0.9353    0.9296    0.9521    0.6158   0.05077   0.01053   0.03341
   258/299     1.49G     0.031  0.004762 0.0009617   0.03672        14       640    0.9286    0.9384    0.9525    0.6139   0.05073   0.01053   0.03347
   259/299     1.49G   0.03151  0.004682  0.001212    0.0374         7       640    0.9262    0.9418    0.9526    0.6164    0.0507   0.01053   0.03345
   260/299     1.49G   0.03073  0.004575  0.001034   0.03634        12       640    0.9309    0.9385    0.9524     0.616    0.0507   0.01052   0.03337
   261/299     1.49G   0.03058   0.00456  0.000811   0.03595        10       640    0.9337    0.9352    0.9521     0.614   0.05072   0.01052   0.03332
   262/299     1.49G   0.03122   0.00465  0.001258   0.03713        18       640    0.9388    0.9275    0.9522    0.6189   0.05068   0.01053   0.03331
   263/299     1.49G   0.03099  0.004561  0.001308   0.03686        16       640    0.9356    0.9313    0.9529    0.6151    0.0506   0.01054    0.0333
   264/299     1.49G   0.03143   0.00462  0.001152    0.0372        25       640    0.9279     0.938    0.9525    0.6133   0.05056   0.01053   0.03333
   265/299     1.49G   0.03107  0.004646  0.001136   0.03685        11       640    0.9312    0.9365    0.9518    0.6167   0.05057   0.01052   0.03332
   266/299     1.49G   0.03144  0.004682  0.001277    0.0374        18       640     0.931    0.9367    0.9515    0.6147   0.05057   0.01051   0.03336
   267/299     1.49G   0.03104  0.004612  0.001079   0.03673        10       640    0.9309    0.9373    0.9519    0.6154   0.05063   0.01051   0.03334
   268/299     1.49G    0.0317  0.004615  0.001108   0.03742        15       640    0.9306     0.938    0.9521    0.6171   0.05064    0.0105   0.03338
   269/299     1.49G   0.03136  0.004679 0.0009365   0.03698        13       640    0.9346    0.9454    0.9586    0.6124   0.05066   0.01049   0.03347
   270/299     1.49G   0.03126  0.004467  0.001266     0.037        11       640    0.9361    0.9445    0.9595    0.6131    0.0506   0.01052   0.03352
   271/299     1.49G   0.03113  0.004669  0.001141   0.03694        17       640    0.9351     0.944    0.9592    0.6146   0.05058   0.01051   0.03359
   272/299     1.49G   0.03126  0.004648 0.0009017   0.03681         9       640    0.9255    0.9397     0.953    0.6137   0.05059   0.01051   0.03364
   273/299     1.49G   0.03068  0.004628 0.0009086   0.03622        12       640    0.9292    0.9352    0.9532     0.614    0.0506   0.01051   0.03369
   274/299     1.49G   0.03121   0.00452   0.00104   0.03677         9       640    0.9287     0.937    0.9537    0.6139    0.0506   0.01052   0.03376
   275/299     1.49G   0.03101  0.004644   0.00114   0.03679        14       640     0.937    0.9388    0.9596    0.6134   0.05057   0.01052   0.03382
   276/299     1.49G   0.03107  0.004661 0.0009406   0.03667        13       640    0.9381     0.937    0.9595    0.6164   0.05058   0.01051   0.03384
   277/299     1.49G   0.03128  0.004521  0.001038   0.03684        14       640    0.9305    0.9453    0.9596    0.6195   0.05059    0.0105   0.03383
   278/299     1.49G   0.03056   0.00461   0.00106   0.03623        18       640    0.9307    0.9453    0.9597     0.613   0.05058   0.01049   0.03385
   279/299     1.49G    0.0306  0.004506  0.001382   0.03649        16       640    0.9279    0.9475    0.9592    0.6139   0.05059   0.01048   0.03384
   280/299     1.49G   0.03088  0.004596  0.001108   0.03659        14       640    0.9298     0.946    0.9591    0.6146   0.05058   0.01047   0.03384
   281/299     1.49G    0.0311  0.004503  0.000861   0.03647        13       640    0.9343    0.9414     0.959    0.6131   0.05052   0.01047   0.03389
   282/299     1.49G   0.03066  0.004743  0.001109   0.03651        18       640    0.9356    0.9434    0.9596    0.6124   0.05049   0.01048   0.03391
   283/299     1.49G   0.03089  0.004599  0.001118   0.03661        10       640    0.9355    0.9434    0.9597    0.6124    0.0505   0.01048   0.03389
   284/299     1.49G   0.03071  0.004638  0.001158   0.03651        24       640    0.9342    0.9414    0.9593    0.6114   0.05051   0.01047   0.03385
   285/299     1.49G    0.0313  0.004662  0.001357   0.03732        29       640    0.9356    0.9393    0.9591    0.6142    0.0505   0.01047   0.03384
   286/299     1.49G   0.03119   0.00458  0.001154   0.03692        14       640    0.9396    0.9363     0.959    0.6161   0.05047   0.01048   0.03382
   287/299     1.49G   0.03098  0.004495  0.001081   0.03655        11       640    0.9246    0.9501    0.9587    0.6153    0.0505   0.01047    0.0338
   288/299     1.49G   0.03056  0.004566  0.001023   0.03615        14       640    0.9349    0.9387    0.9585    0.6167    0.0505   0.01047   0.03377
   289/299     1.49G   0.03072  0.004618  0.001216   0.03655        12       640    0.9337    0.9398    0.9583    0.6158   0.05049   0.01047   0.03375
   290/299     1.49G   0.03102  0.004604  0.001011   0.03664        14       640    0.9327    0.9289    0.9516    0.6163   0.05047   0.01048   0.03373
   291/299     1.49G   0.03092  0.004565  0.001446   0.03693        15       640     0.933    0.9291     0.952    0.6156   0.05046   0.01048   0.03374
   292/299     1.49G   0.03106  0.004636 0.0009589   0.03666        17       640    0.9191    0.9431    0.9521    0.6151   0.05045   0.01048   0.03372
   293/299     1.49G   0.03118  0.004595  0.001041   0.03682        12       640    0.9288     0.934     0.952    0.6154   0.05042   0.01048   0.03371
   294/299     1.49G   0.03089  0.004605  0.001134   0.03663        15       640    0.9282    0.9346    0.9521    0.6187   0.05043   0.01047    0.0337
   295/299     1.49G   0.03101  0.004617   0.00108    0.0367        15       640    0.9197    0.9432    0.9522    0.6166    0.0504   0.01047   0.03369
   296/299     1.49G   0.03112  0.004551  0.001189   0.03686        12       640    0.9197    0.9434    0.9523    0.6169   0.05039   0.01047    0.0337
   297/299     1.49G   0.03078  0.004582 0.0008327   0.03619        10       640     0.928    0.9349    0.9524    0.6186   0.05038   0.01047   0.03369
   298/299     1.49G   0.03097  0.004601  0.001109   0.03668         9       640     0.927    0.9367    0.9524    0.6182   0.05038   0.01047   0.03369
   299/299     1.49G   0.03114  0.004725 0.0008739   0.03674        23       640    0.9265    0.9385    0.9524    0.6176   0.05039   0.01047    0.0337
