     0/299    0.921G   0.08014   0.01319   0.04793    0.1413        27       640    0.6254  0.001689 0.0001858 3.198e-05    0.1008   0.01384   0.04428
     1/299     4.99G   0.07803  0.007704   0.03489    0.1206         7       640 6.349e-05   0.06757 3.899e-05 5.709e-06    0.1041   0.01208   0.04453
     2/299     5.91G   0.07334  0.007723   0.02914    0.1102        19       640         0         0         0         0    0.1047   0.01261   0.05641
     3/299     5.91G   0.06725  0.008285   0.02537    0.1009        20       640 2.662e-05 0.0005841 2.605e-07 6.556e-08    0.1067   0.01322   0.07315
     4/299     5.91G   0.06589  0.007386   0.02465   0.09792        29       640    0.7634   0.00771  0.003222 0.0006395    0.1088   0.01212   0.06281
     5/299     5.91G   0.06344  0.006974   0.02202   0.09244        23       640    0.2518  0.001168 3.897e-05 6.271e-06    0.1132   0.01041    0.1073
     6/299     5.91G   0.06211  0.006849   0.02026   0.08922         9       640    0.8791 0.0004673 4.015e-05  1.25e-05    0.1069   0.01203    0.1046
     7/299     5.92G   0.06052  0.006534     0.018   0.08505        15       640         0         0         0         0     0.125   0.03083    0.2488
     8/299     5.92G   0.06013  0.006622    0.0165   0.08325        20       640     0.293    0.1795    0.1179   0.03963   0.09321    0.0124   0.07728
     9/299     5.92G     0.059  0.006377   0.01375   0.07913        13       640    0.6496    0.1418    0.1447   0.04305   0.08931   0.01139   0.05407
    10/299     5.92G   0.05702   0.00656   0.01226   0.07584         9       640   0.03267   0.05656    0.0076  0.002355     0.104   0.01432    0.1526
    11/299     5.92G   0.05677  0.006506     0.011   0.07428        14       640    0.3039   0.08182   0.02984   0.00779    0.1035   0.01302    0.1645
    12/299     5.92G   0.05626  0.006258   0.01108   0.07359         8       640     0.463   0.06777   0.05824  0.008738   0.09742   0.01358   0.08241
    13/299     5.92G   0.05581  0.006065   0.01102    0.0729        17       640    0.5301     0.186    0.2208   0.08559   0.09042     0.013   0.05615
    14/299     5.92G    0.0542  0.005934  0.009445   0.06958        10       640    0.3612    0.2789    0.2629    0.1199   0.08673   0.01231   0.06033
    15/299     5.92G   0.05401  0.006056  0.008308   0.06837        15       640    0.4606    0.2049    0.2352   0.08251    0.0884   0.01273   0.06219
    16/299     5.92G   0.05386   0.00627  0.007689   0.06782        12       640    0.5753    0.1059     0.101   0.04725    0.0986   0.01253   0.07414
    17/299     5.92G    0.0529  0.006037  0.006764    0.0657        17       640    0.7705    0.4144    0.5384    0.2234    0.0786   0.01278   0.04764
    18/299     5.92G   0.05203  0.006078  0.005653   0.06376        15       640    0.7161    0.3644    0.4115    0.1621   0.07934   0.01256   0.04979
    19/299     5.92G   0.05087  0.005984  0.006663   0.06352        18       640    0.4231    0.2014    0.2035   0.07852   0.09043   0.01188    0.0579
    20/299     5.92G   0.05116  0.005671  0.006292   0.06312        22       640     0.174    0.1224   0.07825   0.01796   0.09607   0.01569   0.06835
    21/299     5.92G   0.05289  0.005889  0.007661   0.06644         8       640    0.5777    0.5863    0.5888    0.2102   0.07697   0.01105   0.04168
    22/299     5.92G   0.05216  0.005763  0.006526   0.06445        13       640    0.1087    0.2529    0.1945   0.05627   0.08927   0.01962   0.05569
    23/299     5.92G   0.05107  0.005755  0.006429   0.06326         7       640    0.6365    0.7303    0.7497    0.3292   0.07313   0.01028   0.04128
    24/299     5.92G   0.04957  0.005805  0.006806   0.06218        16       640    0.7462     0.651    0.7285    0.3195   0.07387  0.009899   0.04109
    25/299     5.92G   0.04952  0.005747  0.005122   0.06039        12       640    0.7279    0.5316    0.6681    0.2977   0.07436   0.01184   0.04126
    26/299     5.92G   0.04897  0.005709   0.00494   0.05962        14       640    0.7166    0.7606    0.7652    0.3611   0.07396  0.009406   0.04147
    27/299     5.92G   0.04878  0.005604  0.005729   0.06012        12       640      0.75   0.06707    0.0706    0.0171    0.1045   0.01825     0.138
    28/299     5.92G   0.04801  0.005722  0.005379   0.05911        12       640     0.885    0.5413    0.6617    0.3041   0.07719   0.01001    0.0429
    29/299     5.92G   0.04774  0.005492  0.005315   0.05855        23       640    0.9948   0.07012    0.1147   0.04471   0.09363   0.01591   0.06187
    30/299     5.92G   0.04727  0.005506  0.004401   0.05717        20       640    0.9686   0.06402   0.09494   0.04399   0.09503   0.01466   0.09609
    31/299     5.92G   0.04664  0.005567  0.004294    0.0565        12       640    0.6905    0.7929    0.8219     0.406   0.06804   0.01041   0.03912
    32/299     5.92G   0.04666  0.005313  0.005473   0.05745         6       640    0.4615    0.4782    0.4717    0.2202   0.08224   0.01344   0.04443
    33/299     5.92G   0.04677  0.005445   0.00376   0.05598        17       640    0.9824   0.06813    0.1099   0.05503   0.09294   0.01729    0.0753
    34/299     5.92G   0.04506  0.005515  0.004326    0.0549        19       640    0.8526    0.7569    0.8556    0.4184   0.06787   0.01076    0.0402
    35/299     5.92G   0.04594   0.00547  0.004193    0.0556        17       640    0.8615    0.5785    0.7131    0.3455   0.06868   0.01144   0.04011
    36/299     5.92G   0.04521  0.005373  0.003242   0.05383         8       640    0.7959    0.7448    0.8627    0.3999   0.06697  0.009794   0.03938
    37/299     5.92G   0.04567  0.005433  0.004579   0.05569        15       640    0.4124   0.06344   0.07537   0.01963   0.09324   0.01812   0.08286
    38/299     5.92G   0.04497  0.005391  0.004583   0.05494        16       640    0.7749    0.8223    0.8633    0.4346   0.06492  0.009757   0.03679
    39/299     5.92G   0.04382  0.005351  0.003849   0.05302         9       640    0.4628    0.4494    0.4373    0.2013   0.07773   0.01353   0.04131
    40/299     5.92G   0.04466  0.005681  0.003722   0.05407        18       640    0.8399    0.7653    0.8576    0.4444   0.06491  0.009963   0.03908
    41/299     5.92G   0.04342  0.005487  0.002925   0.05183        22       640    0.8869    0.8163    0.9068    0.4811   0.06223   0.01008   0.03793
    42/299     5.92G   0.04418  0.005362  0.003692   0.05324        14       640    0.7348    0.5246    0.6568     0.295   0.07288   0.01186    0.0435
    43/299     5.92G   0.04312  0.005576  0.003715   0.05241        27       640    0.8203    0.8094    0.8929    0.4491   0.06354   0.01024    0.0407
    44/299     5.92G    0.0432  0.005362  0.003329   0.05189        26       640    0.6422     0.466    0.4985    0.2385   0.07579   0.01347   0.04546
    45/299     5.92G   0.04207  0.005391  0.003043   0.05051        11       640    0.7279    0.2982    0.3653    0.1571   0.07938   0.01611   0.05356
    46/299     5.92G    0.0426  0.005375  0.003118   0.05109        15       640    0.8389    0.8978    0.9194    0.4673   0.06507  0.009489   0.03672
    47/299     5.92G   0.04266  0.005331  0.003321   0.05131        16       640    0.9067    0.8489    0.9141    0.4737   0.06485   0.00999   0.04118
    48/299     5.92G   0.04326  0.005285  0.003106   0.05165        11       640    0.8921     0.862    0.9221    0.4828   0.06275   0.01025   0.03672
    49/299     5.92G   0.04198  0.005177  0.002859   0.05002        12       640     0.878    0.8113    0.8886    0.4835   0.06395   0.01018   0.03553
    50/299     5.92G   0.04153  0.005368  0.003244   0.05014        15       640    0.6949    0.2748    0.3241    0.1471   0.07681   0.01485   0.05312
    51/299     5.92G   0.04155  0.005352  0.003328   0.05023        10       640    0.8024    0.8379    0.8785    0.4246   0.06165   0.01102   0.03782
    52/299     5.92G   0.04186  0.005324  0.002985   0.05017        10       640    0.9088    0.8072       0.9    0.4918   0.06135   0.01028   0.03942
    53/299     5.92G   0.04042  0.005249  0.003017   0.04868        14       640    0.7035    0.6081    0.6751    0.3112   0.06777   0.01226   0.04091
    54/299     5.92G   0.04261  0.005367   0.00416   0.05214        27       640    0.7379    0.7656    0.8116    0.3909   0.06577   0.01089   0.03912
    55/299     5.92G   0.04068  0.005224  0.003491    0.0494         3       640    0.8304    0.6259    0.7953    0.3851   0.06646   0.01138   0.03856
    56/299     5.92G   0.04006  0.005275  0.002802   0.04814         6       640    0.7253    0.4744    0.4954    0.2543   0.07192   0.01292   0.04253
    57/299     5.92G   0.03972  0.005298  0.002278    0.0473        33       640    0.7256    0.6154    0.7178    0.3249   0.06609    0.0129   0.04377
    58/299     5.92G   0.03968  0.005231  0.002105   0.04701        13       640    0.8465    0.8036    0.9043    0.4787   0.06051   0.01025   0.03809
    59/299     5.92G    0.0395  0.005232  0.002055   0.04679        25       640    0.6573     0.777    0.7508    0.3521   0.06568   0.01073   0.03735
    60/299     5.92G   0.03972  0.005178  0.002209   0.04711        15       640    0.8925    0.8382    0.9077     0.505   0.05961   0.01012   0.03592
    61/299     5.92G   0.03928  0.005189  0.002084   0.04655        14       640    0.9102    0.8748    0.9205    0.5119   0.05808  0.009927   0.03929
    62/299     5.92G   0.03862  0.005147  0.002421   0.04618        18       640     0.732    0.3441    0.4545    0.2191   0.07263   0.01471   0.05896
    63/299     5.92G   0.03945  0.005116  0.002142   0.04671         8       640    0.3577    0.2689    0.2764     0.108   0.08117   0.01449   0.04866
    64/299     5.92G   0.03883  0.005252  0.002706   0.04679        17       640    0.9039    0.7674    0.8743    0.4932   0.05901   0.01033   0.03857
    65/299     5.92G   0.03781  0.005113  0.002048   0.04497        10       640    0.9267    0.8056    0.9351    0.5348   0.05615   0.01025   0.03954
    66/299     5.92G   0.03791  0.005113  0.002107   0.04513        11       640    0.8196    0.7874    0.8753    0.4491   0.05842   0.01124    0.0377
    67/299     5.92G   0.03783  0.005075  0.002157   0.04507        14       640    0.8818    0.9054    0.9369    0.5498   0.05535  0.009888    0.0393
    68/299     5.92G   0.03731  0.005157  0.001882   0.04434        14       640    0.8721    0.8909    0.9345    0.5248   0.05426  0.009801   0.03774
    69/299     5.92G     0.037  0.005047  0.001896   0.04394        18       640    0.8991     0.881    0.9278    0.5316   0.05519    0.0106   0.03756
    70/299     5.92G    0.0375  0.005172  0.002081   0.04475        22       640     0.594    0.6955      0.67    0.3242   0.06585    0.0126   0.03876
    71/299     5.92G    0.0375  0.005269  0.002233     0.045        14       640    0.4535    0.6025     0.518    0.2538   0.07059   0.01313   0.03832
    72/299     5.92G   0.03705  0.005299  0.002558   0.04491        19       640    0.8938    0.9026    0.9384    0.5717    0.0554   0.01096   0.03598
    73/299     5.92G   0.03687  0.005246  0.002171   0.04429        14       640    0.4801     0.509    0.4461    0.2106   0.07236   0.01426   0.04304
    74/299     5.92G   0.03622  0.005246  0.002183   0.04365        16       640    0.9227    0.8478    0.9202    0.5156   0.05749   0.01124   0.03412
    75/299     5.92G   0.03665  0.005426  0.001667   0.04374        19       640    0.7882     0.608    0.7603    0.3959   0.06118   0.01182    0.0344
    76/299     5.92G   0.03685  0.005356  0.001728   0.04393        24       640    0.9357    0.8689    0.9317    0.5076   0.05502   0.01094   0.03331
    77/299     5.92G   0.03585  0.005293  0.002214   0.04336        14       640    0.7805    0.7582    0.8368    0.4316   0.06001    0.0121   0.03965
    78/299     5.92G   0.03631  0.005249  0.002091   0.04365        11       640    0.8462    0.8308    0.9062    0.4889   0.05431   0.01125   0.03674
    79/299     5.92G   0.03629  0.005439   0.00193   0.04366        14       640    0.9068    0.9232    0.9437    0.5763   0.04774  0.009989   0.03133
    80/299     5.92G   0.03587  0.005394  0.001714   0.04298        19       640    0.7037    0.2142    0.2853    0.1347   0.08197   0.01881   0.06206
    81/299     5.92G   0.03549  0.005278  0.001801   0.04257        17       640    0.9213    0.8884    0.9386    0.5373    0.0491   0.01045   0.03205
    82/299     5.92G   0.03505  0.005391  0.001583   0.04202        16       640    0.8333    0.7803    0.8864     0.477   0.05454    0.0112   0.03299
    83/299     5.92G   0.03575   0.00523  0.001743   0.04272        18       640    0.7997     0.651    0.7416    0.3795   0.06178   0.01287   0.03661
    84/299     5.92G   0.03522  0.005282  0.001358   0.04186        11       640    0.8481    0.7709    0.8503    0.4206   0.05646   0.01123   0.03235
    85/299     5.92G   0.03513  0.005256  0.001721   0.04211         9       640    0.9385    0.8951     0.951    0.5483   0.04914   0.01026   0.03218
    86/299     5.92G   0.03526  0.005292  0.001494   0.04205         7       640    0.8775    0.7778    0.8896    0.5019   0.05222   0.01101   0.03472
    87/299     5.92G   0.03517  0.005289  0.002108   0.04256        14       640    0.9613    0.8852    0.9551    0.5735   0.04922   0.01006   0.03116
    88/299     5.92G   0.03515  0.005275   0.00171   0.04213         9       640    0.8875    0.9437    0.9514    0.5636   0.05091   0.01053   0.03354
    89/299     5.92G   0.03486  0.005202  0.001464   0.04153        10       640    0.9033    0.8279    0.9091    0.5121   0.05018   0.01052    0.0334
    90/299     5.92G   0.03476  0.005281     0.002   0.04204         9       640    0.8947    0.5409    0.7408    0.3361   0.06329   0.01337   0.03691
    91/299     5.92G   0.03534  0.005368  0.001798    0.0425        13       640    0.8866    0.8855    0.9392    0.5731   0.04927   0.01038   0.03334
    92/299     5.92G   0.03548  0.004997  0.001762   0.04224        15       640    0.9257    0.8254    0.9251    0.5522   0.05064   0.01094   0.03266
    93/299     5.92G    0.0352  0.005316  0.001614   0.04213        33       640    0.5445    0.6219    0.6139    0.2808   0.06398   0.01312   0.03622
    94/299     5.92G   0.03507  0.005276  0.001958   0.04231         9       640    0.9159    0.9167    0.9611    0.5814   0.04536    0.0104   0.03211
    95/299     5.92G   0.03421  0.005141  0.001328   0.04068        14       640    0.9208    0.8976    0.9483    0.5557   0.04682  0.009864   0.03264
    96/299     5.92G   0.03473  0.005133   0.00163    0.0415        14       640    0.9484    0.9263    0.9619    0.5872   0.04479  0.009826    0.0322
    97/299     5.92G   0.03489  0.005321  0.002196   0.04241        11       640     0.943    0.9197     0.962    0.5603   0.04795   0.01026   0.03247
    98/299     5.92G   0.03381  0.005181  0.001591   0.04058        16       640    0.5877    0.4519     0.498    0.2304   0.07212     0.016    0.0501
    99/299     5.92G   0.03483  0.005099  0.001483   0.04142        17       640    0.8272    0.7884     0.862    0.4749   0.05143   0.01122   0.03515
   100/299     5.92G   0.03376  0.005158   0.00138    0.0403        19       640    0.8542    0.8845    0.9282    0.5199   0.04931   0.01053   0.03464
   101/299     5.92G    0.0348  0.005108  0.001522   0.04143        18       640     0.889    0.9472    0.9499    0.5691   0.04578  0.009475   0.03343
   102/299     5.92G   0.03379  0.005065  0.001368   0.04023        11       640    0.9088    0.9365    0.9577    0.5682   0.04663   0.01002   0.03282
   103/299     5.92G   0.03349  0.005166  0.001239   0.03989        17       640    0.9413    0.9533    0.9744    0.6052   0.04363  0.009948   0.03292
   104/299     5.92G    0.0334  0.005141   0.00146      0.04        21       640    0.5215    0.6713    0.6097    0.3084   0.06269   0.01386   0.03646
   105/299     5.92G   0.03398  0.005139  0.001449   0.04057        21       640    0.8841    0.8939    0.9364    0.5249   0.05038   0.01175   0.03239
   106/299     5.92G   0.03331   0.00522  0.001439   0.03997        10       640    0.4917    0.5593    0.5945    0.2925   0.06518   0.01397   0.04327
   107/299     5.92G   0.03313  0.005063  0.001447   0.03964        15       640    0.9179    0.8907    0.9272    0.5414   0.05092   0.01102   0.03318
   108/299     5.92G   0.03372  0.005048   0.00152   0.04029        21       640    0.9159    0.9198    0.9548    0.5922   0.04319   0.01007   0.03309
   109/299     5.92G   0.03322  0.005001  0.001278    0.0395        13       640    0.9294    0.9058    0.9464    0.5703   0.04662   0.01109   0.03252
   110/299     5.92G   0.03299  0.005057  0.001262   0.03931         2       640    0.9194    0.8888     0.927    0.5458   0.04569   0.01045   0.03308
   111/299     5.92G   0.03277   0.00509  0.001648    0.0395        11       640    0.8859    0.8966    0.9298    0.5697   0.04592   0.01128   0.03184
   112/299     5.92G   0.03327  0.005162  0.001596   0.04002        12       640    0.9298    0.9318    0.9536    0.5865    0.0444  0.009885   0.03381
   113/299     5.92G   0.03286  0.004996   0.00134    0.0392        26       640    0.9326    0.8894    0.9398    0.5558   0.04678   0.01091   0.03316
   114/299     5.92G   0.03253   0.00521  0.001463    0.0392        24       640    0.9127    0.9196     0.958    0.5938   0.04314    0.0101   0.03195
   115/299     5.92G   0.03311  0.005212  0.001638   0.03996        19       640    0.9253    0.9371    0.9612    0.5837   0.04383   0.01017   0.03307
   116/299     5.92G     0.033  0.005129  0.001291   0.03942        11       640    0.8612    0.8092    0.8911    0.5135   0.04997   0.01108   0.03409
   117/299     5.92G   0.03284  0.005152  0.001176   0.03917        15       640    0.7948    0.7873     0.878    0.4646   0.05789   0.01292   0.03554
   118/299     5.92G   0.03298  0.005061  0.001356    0.0394        11       640    0.7037    0.5612     0.691    0.3773   0.06029   0.01196   0.03719
   119/299     5.92G   0.03341  0.004935  0.001197   0.03954        19       640    0.8133    0.7147    0.7951    0.4611     0.054    0.0115   0.03537
   120/299     5.92G   0.03223  0.005071   0.00155   0.03886        13       640    0.8765     0.894    0.9444    0.5783   0.04982   0.01062    0.0338
   121/299     5.92G   0.03241  0.005007  0.001152   0.03857        15       640    0.8092     0.752    0.8243    0.4505   0.05257   0.01208   0.03624
   122/299     5.92G   0.03264  0.005037   0.00114   0.03882        18       640    0.9576    0.9458    0.9701    0.6287    0.0437  0.009699   0.03401
   123/299     5.92G   0.03302   0.00512  0.001495   0.03963        23       640    0.9349    0.9285    0.9682    0.6084   0.04458   0.01003   0.03349
   124/299     5.92G    0.0317  0.004936   0.00106   0.03769        14       640    0.9487    0.9455    0.9737    0.6299   0.04237  0.009912   0.03262
   125/299     5.92G   0.03202  0.004989  0.001419   0.03843         6       640    0.9077    0.9275    0.9549    0.5766   0.04536   0.01033   0.03344
   126/299     5.92G   0.03196   0.00506  0.001136   0.03816        18       640    0.9559    0.9425    0.9725    0.6183   0.04132  0.009901   0.03231
   127/299     5.92G   0.03206  0.005003  0.001419   0.03849         8       640    0.8936    0.9226    0.9553    0.5783   0.04428    0.0103   0.03448
   128/299     5.92G   0.03243  0.005005  0.001376   0.03881        11       640    0.8778    0.7624    0.8594    0.4677   0.05036   0.01169   0.03516
   129/299     5.92G    0.0323   0.00499  0.001132   0.03842        24       640    0.8857     0.875    0.9173    0.5327   0.05384   0.01204   0.03579
   130/299     5.92G   0.03191  0.004997  0.001453   0.03836        10       640     0.915    0.9476    0.9629    0.5765   0.04515  0.009996   0.03283
   131/299     5.92G   0.03138  0.005098  0.001032   0.03751        19       640    0.8768    0.9291    0.9431    0.5683    0.0476   0.01069    0.0334
   132/299     5.92G   0.03181  0.004915  0.001208   0.03794        21       640    0.9404      0.95    0.9713    0.6409   0.04295  0.009851   0.03227
   133/299     5.92G   0.03174  0.004959 0.0009702   0.03767        11       640    0.9378    0.9582    0.9728    0.6178   0.04236  0.009798   0.03251
   134/299     5.92G   0.03169  0.004897  0.001305    0.0379        18       640    0.9386    0.9449    0.9734    0.6236   0.04285   0.01007   0.03359
   135/299     5.92G   0.03187  0.004862 0.0009551   0.03769         8       640    0.9487    0.9336    0.9627    0.5982   0.04625   0.01027   0.03302
   136/299     5.92G   0.03157  0.004963  0.001116   0.03765        19       640    0.9033    0.8299    0.9019    0.5308   0.04625   0.01101    0.0344
   137/299     5.92G   0.03174  0.004931   0.00097   0.03765        14       640    0.8049    0.7749     0.829    0.4559    0.0497   0.01191   0.03586
   138/299     5.92G   0.03134  0.005035 0.0008236    0.0372        14       640    0.9112     0.919    0.9455    0.5792      0.05   0.01173   0.03488
   139/299     5.92G   0.03029  0.004829   0.00125   0.03636        21       640    0.9465    0.9492    0.9727    0.6256   0.04165  0.009555   0.03358
   140/299     5.92G   0.03102  0.005016  0.001009   0.03704        17       640    0.9463    0.8459    0.9562    0.5949   0.04392   0.01064   0.03339
   141/299     5.92G   0.03094  0.004749  0.001306   0.03699        13       640    0.9386    0.9485    0.9636     0.592   0.04272   0.01022   0.03429
   142/299     5.92G   0.03155  0.004901  0.001241   0.03769        17       640    0.9525    0.9519    0.9719    0.6281   0.04241   0.01009   0.03236
   143/299     5.92G   0.03105  0.004691  0.001206   0.03694        13       640    0.7307    0.6641    0.7441    0.4182   0.05123   0.01241   0.03478
   144/299     5.92G   0.03114  0.004949  0.001035   0.03713         9       640    0.8136    0.7847    0.8662    0.4737   0.05791   0.01374   0.03482
   145/299     5.92G   0.03101  0.004921 0.0009482   0.03688        13       640    0.9151    0.9261    0.9613    0.5939    0.0438   0.01013   0.03205
   146/299     5.92G   0.03036  0.004829  0.000958   0.03615        22       640    0.9457    0.9566     0.976    0.6436   0.04191  0.009581   0.03298
   147/299     5.92G   0.03039  0.004833  0.001027   0.03625        22       640    0.9479    0.9374    0.9632     0.607    0.0434  0.009818   0.03371
   148/299     5.92G    0.0306  0.004951 0.0009604   0.03651        15       640    0.8976    0.9009    0.9404    0.5764   0.04739   0.01122   0.03294
   149/299     5.92G   0.03072   0.00482  0.001394   0.03694        15       640    0.9558    0.9666    0.9787    0.6427   0.04045  0.009887   0.03199
   150/299     5.92G   0.03089  0.004838  0.001102   0.03684         7       640    0.9718    0.9378    0.9727    0.6343   0.04318   0.01031   0.03329
   151/299     5.92G   0.03045  0.004962  0.001086    0.0365        14       640    0.9146    0.8166     0.901    0.5355   0.04644   0.01081   0.03451
   152/299     5.92G   0.03023   0.00487   0.00094   0.03604        17       640    0.9535    0.9574    0.9704     0.648   0.04188   0.01016   0.03234
   153/299     5.92G   0.03016  0.004897  0.001018   0.03607        13       640    0.9031    0.9572    0.9577    0.6105   0.04267  0.009992   0.03403
   154/299     5.92G   0.03038  0.005004  0.001083   0.03647        21       640     0.948    0.9675     0.978    0.6486   0.04049  0.009673    0.0327
   155/299     5.92G    0.0308  0.004895  0.001117   0.03681        31       640    0.9571    0.9585    0.9775    0.6458   0.03979  0.009787    0.0331
   156/299     5.92G   0.03039  0.004901  0.001221   0.03652        16       640    0.9379    0.9355    0.9638    0.6153   0.04151   0.01022   0.03288
   157/299     5.92G   0.03022  0.004872   0.00105   0.03615        18       640    0.9471    0.9452    0.9707    0.6212   0.04116   0.01035   0.03302
   158/299     5.92G   0.02968  0.004917  0.000899    0.0355        22       640     0.948    0.9527    0.9733    0.6289   0.04171   0.01015    0.0326
   159/299     5.92G   0.03062  0.004823  0.001049   0.03649         8       640    0.9525    0.9466    0.9718    0.6419   0.04091   0.01032   0.03191
   160/299     5.92G   0.02974  0.004841 0.0009141    0.0355        27       640    0.9341    0.9474    0.9695    0.5949   0.04089   0.01019   0.03331
   161/299     5.92G   0.03003  0.004929  0.001149   0.03611        16       640    0.9448    0.9521    0.9719    0.6626    0.0398  0.009922   0.03325
   162/299     5.92G   0.02954  0.004687 0.0009615   0.03519        17       640    0.9622    0.8418    0.9397    0.5747   0.04381   0.01093   0.03505
   163/299     5.92G   0.03006  0.004813  0.001105   0.03598        10       640    0.9389    0.9443    0.9583    0.6176   0.04376   0.01089    0.0328
   164/299     5.92G   0.02975  0.004862  0.001025   0.03564        16       640    0.9306    0.9704     0.978    0.6323   0.04094   0.01004   0.03325
   165/299     5.92G   0.02945  0.004772  0.001196   0.03542        15       640    0.9506     0.958     0.974    0.6492    0.0397    0.0101   0.03277
   166/299     5.92G   0.02977  0.004889  0.001145    0.0358        17       640    0.9246    0.9635    0.9721    0.6454   0.03943  0.009846    0.0324
   167/299     5.92G   0.02981  0.004861 0.0009972   0.03566         9       640    0.9478    0.9498    0.9678     0.625   0.04072   0.01032   0.03224
   168/299     5.92G   0.02954  0.004623  0.001102   0.03526        16       640     0.952    0.9565    0.9772    0.6479    0.0386  0.009956   0.03223
   169/299     5.92G   0.02962  0.004816  0.001541   0.03597        11       640    0.9558     0.939    0.9787    0.6545   0.03898   0.01003   0.03172
   170/299     5.92G   0.02947  0.004779  0.001038   0.03528        20       640    0.9436    0.9643    0.9766    0.6646   0.03867  0.009789   0.03189
   171/299     5.92G   0.02978  0.004713 0.0008183   0.03531        23       640    0.9551    0.9464     0.965    0.6179   0.04277   0.01064   0.03174
   172/299     5.92G   0.02888  0.004667 0.0008687   0.03442        29       640    0.9424    0.9654    0.9716    0.6444   0.03968   0.01012   0.03257
   173/299     5.92G    0.0295  0.004807 0.0007894   0.03509         6       640    0.9439    0.9657    0.9769     0.653   0.03961   0.01008   0.03271
   174/299     5.92G   0.02928  0.004751  0.001014   0.03505        14       640    0.9438    0.9666     0.974    0.6544   0.03924  0.009884    0.0326
   175/299     5.92G   0.02974  0.004739  0.001172   0.03565        13       640    0.9426    0.9706     0.974    0.6497   0.03922  0.009836   0.03183
   176/299     5.92G   0.02967  0.004883   0.00087   0.03542        14       640     0.933    0.9325    0.9593    0.6049   0.04403   0.01082   0.03248
   177/299     5.92G   0.02908  0.004726  0.001214   0.03502        11       640    0.9442    0.9352    0.9625    0.6316   0.04027   0.01009   0.03368
   178/299     5.92G   0.02913  0.004924 0.0008391    0.0349        17       640    0.9541    0.9513    0.9741    0.6536   0.03899  0.009913   0.03337
   179/299     5.92G   0.02872  0.004666 0.0009566   0.03435        25       640    0.9471    0.9485    0.9652    0.6329   0.03994   0.01007   0.03346
   180/299     5.92G   0.02873  0.004722  0.001073   0.03453        16       640    0.9517    0.9617    0.9799    0.6579   0.03922  0.009948    0.0328
   181/299     5.92G   0.02911  0.004696 0.0006704   0.03447        23       640    0.9563    0.9513    0.9736    0.6613    0.0392   0.01007   0.03285
   182/299     5.92G   0.02875  0.004896  0.001143   0.03479        19       640    0.9626    0.9562    0.9785    0.6501   0.04034   0.01038   0.03267
   183/299     5.92G   0.02886   0.00478 0.0007637   0.03441        27       640    0.9515    0.9538    0.9665    0.6216   0.04052   0.01044   0.03398
   184/299     5.92G   0.02859  0.004764 0.0009082   0.03426        16       640    0.9498     0.956    0.9749    0.6652   0.03812  0.009938   0.03298
   185/299     5.92G     0.029  0.004618 0.0008247   0.03444        19       640    0.9557    0.9495     0.971    0.6492   0.03856  0.009979   0.03317
   186/299     5.92G   0.02861  0.004588 0.0007044   0.03391        29       640    0.9564    0.9511    0.9765    0.6648   0.03918   0.01006   0.03366
   187/299     5.92G   0.02819  0.004831 0.0006307   0.03365        18       640     0.949    0.9559     0.974    0.6699   0.03805  0.009857   0.03345
   188/299     5.92G   0.02862  0.004684 0.0007669   0.03407        20       640    0.9324    0.9695    0.9735     0.671   0.03789  0.009768   0.03354
   189/299     5.92G   0.02854  0.004614 0.0006745   0.03383        17       640    0.9518    0.9535    0.9715    0.6592   0.03838  0.009881   0.03346
   190/299     5.92G   0.02871  0.004581  0.001081   0.03437        23       640    0.9545    0.9549    0.9727      0.66   0.03839  0.009989   0.03376
   191/299     5.92G   0.02824  0.004765 0.0007191   0.03372        17       640     0.955    0.9579    0.9737    0.6512    0.0384  0.009929   0.03359
   192/299     5.92G   0.02811  0.004611 0.0009511   0.03367         7       640    0.9488    0.9556    0.9678    0.6411    0.0393   0.01003   0.03376
   193/299     5.92G   0.02824  0.004696 0.0008784   0.03382        15       640    0.9645    0.9489    0.9739    0.6676   0.03833  0.009971   0.03406
   194/299     5.92G   0.02868  0.004746   0.00103   0.03445         6       640    0.9472    0.9561    0.9738    0.6651   0.03837  0.009887   0.03398
   195/299     5.92G   0.02898  0.004725  0.000941   0.03464        16       640    0.9537    0.9628    0.9725    0.6565   0.03817    0.0098   0.03349
   196/299     5.92G   0.02804  0.004597 0.0008866   0.03353         8       640    0.9578    0.9695    0.9793    0.6527   0.03854  0.009771   0.03348
   197/299     5.92G   0.02783  0.004712 0.0007618    0.0333        17       640    0.9477    0.9612     0.975    0.6595   0.03809  0.009785   0.03316
   198/299     5.92G   0.02821  0.004687 0.0007174   0.03361        14       640    0.9469     0.974    0.9806    0.6641   0.03818   0.00981   0.03295
   199/299     5.92G   0.02793  0.004543 0.0009609   0.03343        14       640    0.9497    0.9547    0.9698    0.6543   0.03839  0.009853   0.03276
   200/299     5.92G   0.02827  0.004757  0.000916   0.03394        17       640    0.9451    0.9567    0.9725    0.6632   0.03795  0.009827   0.03255
   201/299     5.92G   0.02791  0.004754 0.0009398    0.0336        25       640    0.9499    0.9714    0.9803    0.6705   0.03814  0.009914   0.03235
   202/299     5.92G   0.02833  0.004706 0.0009234   0.03396        14       640    0.9576     0.959    0.9753    0.6617   0.03767  0.009754   0.03239
   203/299     5.92G   0.02824   0.00476 0.0008178   0.03381         6       640    0.9472    0.9641    0.9722    0.6602    0.0388  0.009955   0.03256
   204/299     5.92G   0.02784  0.004766 0.0007519   0.03336        16       640    0.9604    0.9678    0.9835    0.6729     0.038  0.009788   0.03291
   205/299     5.92G   0.02818  0.004679 0.0008862   0.03374        11       640    0.9534    0.9687    0.9834    0.6706   0.03821  0.009761   0.03313
   206/299     5.92G   0.02876  0.004875 0.0008846   0.03452        11       640    0.9367    0.9686     0.967     0.638   0.03919  0.009984   0.03254
   207/299     5.92G   0.02816   0.00472  0.000912   0.03379        25       640    0.9506     0.958    0.9772    0.6646   0.03907  0.009914   0.03245
   208/299     5.92G   0.02761  0.004699 0.0007719   0.03309        13       640    0.9547    0.9627    0.9794    0.6631   0.03854  0.009789   0.03254
   209/299     5.92G   0.02732  0.004499  0.000737   0.03255        13       640    0.9563    0.9573    0.9729    0.6522   0.03865  0.009813   0.03327
   210/299     5.92G   0.02687  0.004579 0.0008827   0.03233        16       640    0.9548    0.9589    0.9766    0.6635   0.03856  0.009749   0.03312
   211/299     5.92G   0.02769  0.004694 0.0009903   0.03338        17       640      0.96    0.9565    0.9745    0.6427   0.03835  0.009801   0.03338
   212/299     5.92G   0.02759   0.00481 0.0008204   0.03322        11       640    0.9502    0.9676    0.9742    0.6575   0.03771  0.009801   0.03317
   213/299     5.92G   0.02759  0.004582   0.00101   0.03318        17       640    0.9543    0.9658    0.9791    0.6684   0.03752  0.009881   0.03266
   214/299     5.92G   0.02729  0.004567 0.0007017   0.03255        14       640    0.9591    0.9653    0.9777    0.6641   0.03782  0.009847   0.03278
   215/299     5.92G   0.02734  0.004622 0.0007309   0.03269        23       640    0.9557    0.9661    0.9776    0.6738   0.03799  0.009873   0.03314
   216/299     5.92G   0.02782  0.004708 0.0007841   0.03331        12       640    0.9562     0.962    0.9766    0.6725    0.0379  0.009762    0.0335
   217/299     5.92G   0.02724  0.004708 0.0006069   0.03255        13       640    0.9536    0.9627    0.9722    0.6615   0.03776  0.009775   0.03338
   218/299     5.92G   0.02747  0.004771 0.0006333   0.03288        19       640    0.9457    0.9668    0.9716    0.6602   0.03806  0.009885   0.03324
   219/299     5.92G   0.02787   0.00461 0.0007117   0.03319        10       640    0.9497    0.9664    0.9761    0.6695    0.0374  0.009788   0.03275
   220/299     5.92G   0.02699  0.004593 0.0007305   0.03231        11       640    0.9627    0.9663    0.9798    0.6647   0.03745  0.009712   0.03276
   221/299     5.92G   0.02669  0.004577 0.0005993   0.03186        24       640    0.9571    0.9683    0.9803    0.6654    0.0374  0.009745   0.03269
   222/299     5.92G   0.02748  0.004616 0.0007077    0.0328        13       640    0.9633    0.9682    0.9814    0.6673   0.03734  0.009692   0.03285
   223/299     5.92G   0.02695   0.00462 0.0007236    0.0323        24       640     0.958    0.9672    0.9793    0.6559   0.03785  0.009831   0.03274
   224/299     5.92G   0.02693  0.004612  0.000765    0.0323        19       640    0.9567     0.971    0.9802    0.6593    0.0377  0.009729   0.03243
   225/299     5.92G    0.0274  0.004553 0.0007013   0.03266        23       640    0.9599     0.967    0.9814    0.6753    0.0385  0.009993   0.03253
   226/299     5.92G   0.02726   0.00471  0.000957   0.03293        14       640    0.9559    0.9733    0.9803    0.6671   0.03777  0.009676   0.03256
   227/299     5.92G   0.02685  0.004542 0.0005996   0.03199        16       640    0.9577    0.9718    0.9787    0.6651   0.03799  0.009688   0.03261
   228/299     5.92G   0.02732  0.004547 0.0006963   0.03256         9       640    0.9613    0.9712    0.9818    0.6714   0.03818  0.009797   0.03272
   229/299     5.92G   0.02715  0.004519 0.0007107   0.03238        16       640     0.961    0.9708    0.9811    0.6751   0.03789  0.009814   0.03262
   230/299     5.92G   0.02665  0.004519 0.0008584   0.03203        10       640    0.9602    0.9725    0.9809    0.6698   0.03765  0.009742   0.03278
   231/299     5.92G   0.02699   0.00454 0.0009247   0.03246        10       640     0.957    0.9668    0.9766    0.6676   0.03773  0.009745   0.03286
   232/299     5.92G   0.02634  0.004584  0.000855   0.03178        10       640    0.9543    0.9645    0.9748    0.6668   0.03787  0.009775   0.03267
   233/299     5.92G   0.02682  0.004521 0.0009118   0.03225        21       640    0.9604    0.9705    0.9826    0.6786   0.03759  0.009743   0.03282
   234/299     5.92G   0.02674   0.00467   0.00073   0.03214        10       640    0.9678    0.9645    0.9825    0.6777   0.03774  0.009722   0.03297
   235/299     5.92G   0.02711  0.004564 0.0005564   0.03223        24       640    0.9686    0.9627    0.9827    0.6824   0.03756  0.009694   0.03312
   236/299     5.92G   0.02654  0.004613 0.0007405    0.0319         4       640    0.9618    0.9688    0.9824    0.6829   0.03764  0.009758   0.03351
   237/299     5.92G    0.0268  0.004594 0.0006615   0.03206        23       640     0.964    0.9696    0.9823    0.6851    0.0375   0.00973   0.03361
   238/299     5.92G    0.0263  0.004475 0.0008115   0.03159         9       640    0.9539    0.9649    0.9766    0.6778   0.03747  0.009753   0.03369
   239/299     5.92G   0.02616  0.004592   0.00078   0.03153         9       640    0.9515    0.9656    0.9745    0.6747   0.03747  0.009683   0.03368
   240/299     5.92G   0.02641  0.004598 0.0008609   0.03186        17       640    0.9537    0.9666    0.9773    0.6775   0.03716   0.00969   0.03344
   241/299     5.92G   0.02688  0.004555 0.0009852   0.03242        20       640    0.9597    0.9718    0.9836    0.6804   0.03714  0.009693   0.03331
   242/299     5.92G   0.02641  0.004561 0.0005757   0.03155        21       640    0.9537    0.9671    0.9781     0.684   0.03699  0.009682   0.03323
   243/299     5.92G    0.0261  0.004662 0.0008291   0.03159        15       640    0.9587    0.9733     0.983    0.6799   0.03691  0.009661   0.03312
   244/299     5.92G   0.02597  0.004493 0.0005297   0.03099        12       640    0.9569    0.9743    0.9831    0.6793   0.03689  0.009673   0.03304
   245/299     5.92G   0.02619  0.004443 0.0006809   0.03132        11       640    0.9588    0.9726    0.9831    0.6832   0.03698  0.009688   0.03288
   246/299     5.92G   0.02623  0.004563 0.0007305   0.03152        18       640    0.9579    0.9726     0.983    0.6856   0.03698  0.009693   0.03289
   247/299     5.92G   0.02621   0.00448 0.0007236   0.03141        10       640    0.9634    0.9682    0.9832    0.6846   0.03692  0.009699    0.0329
   248/299     5.92G   0.02646  0.004466 0.0008515   0.03177        12       640    0.9532     0.967    0.9763    0.6821   0.03699  0.009676   0.03296
   249/299     5.92G    0.0257  0.004515  0.000594   0.03081        13       640    0.9597    0.9729    0.9833    0.6803   0.03692  0.009679   0.03296
   250/299     5.92G    0.0261  0.004577 0.0009392   0.03161        17       640    0.9602    0.9724    0.9833    0.6846     0.037  0.009683     0.033
   251/299     5.92G   0.02608   0.00449 0.0006495   0.03122        25       640    0.9573    0.9755     0.983    0.6873   0.03707  0.009701   0.03307
   252/299     5.92G   0.02599  0.004695 0.0006678   0.03136        15       640    0.9615    0.9747    0.9835    0.6812     0.037  0.009678   0.03308
   253/299     5.92G   0.02594  0.004377 0.0006032   0.03093        11       640    0.9616     0.972    0.9832    0.6835   0.03684   0.00969   0.03301
   254/299     5.92G   0.02597   0.00443 0.0004935   0.03089        14       640    0.9607     0.972    0.9827    0.6882   0.03674   0.00972   0.03294
   255/299     5.92G   0.02588  0.004534 0.0005576   0.03097        29       640    0.9696    0.9632    0.9832    0.6881   0.03666  0.009717   0.03295
   256/299     5.92G   0.02561  0.004562 0.0007518   0.03092        23       640    0.9628    0.9586    0.9773    0.6795   0.03668  0.009715   0.03289
   257/299     5.92G   0.02591  0.004476 0.0007154    0.0311        12       640    0.9639    0.9584    0.9775     0.682   0.03663  0.009705   0.03288
   258/299     5.92G   0.02588  0.004484 0.0004593   0.03082        15       640    0.9626      0.97    0.9828    0.6808   0.03662  0.009698    0.0329
   259/299     5.92G    0.0258  0.004588 0.0008061    0.0312        17       640    0.9588    0.9626    0.9777     0.682   0.03658  0.009659   0.03293
   260/299     5.92G   0.02623   0.00443 0.0005304   0.03119         7       640    0.9658    0.9668    0.9836    0.6829   0.03671  0.009655     0.033
   261/299     5.92G   0.02611  0.004627 0.0005279   0.03126        21       640    0.9614    0.9669    0.9829    0.6852   0.03667  0.009668   0.03295
   262/299     5.92G   0.02609  0.004579 0.0008124   0.03148        17       640    0.9647    0.9667    0.9843    0.6849   0.03652  0.009678   0.03288
   263/299     5.92G   0.02536  0.004538 0.0006556   0.03055         7       640    0.9628     0.968    0.9838     0.681   0.03645  0.009681   0.03285
   264/299     5.92G   0.02596  0.004682  0.000895   0.03154        20       640    0.9611    0.9701    0.9839    0.6807   0.03644  0.009676   0.03281
   265/299     5.92G   0.02609   0.00462 0.0008391   0.03155        10       640    0.9604    0.9712    0.9837    0.6748   0.03645  0.009666   0.03277
   266/299     5.92G   0.02549  0.004538 0.0008156   0.03085        15       640    0.9647    0.9669    0.9839    0.6776   0.03637  0.009666   0.03275
   267/299     5.92G   0.02608  0.004617 0.0008309   0.03153        11       640    0.9596    0.9717    0.9832    0.6789   0.03638  0.009673   0.03269
   268/299     5.92G   0.02508  0.004411 0.0005122   0.03001        11       640     0.965    0.9672    0.9836    0.6774   0.03634  0.009679   0.03265
   269/299     5.92G   0.02594  0.004684 0.0006925   0.03132        11       640    0.9647    0.9678    0.9831    0.6761   0.03636  0.009672   0.03263
   270/299     5.92G   0.02591  0.004373 0.0006197   0.03091        24       640    0.9648    0.9677    0.9837    0.6766   0.03634  0.009656   0.03266
   271/299     5.92G   0.02586   0.00451 0.0007265   0.03109        12       640    0.9595    0.9732    0.9835      0.68   0.03637  0.009642   0.03273
   272/299     5.92G   0.02576  0.004489 0.0005509    0.0308        18       640    0.9605    0.9729    0.9832    0.6773    0.0364  0.009631   0.03274
   273/299     5.92G   0.02546   0.00444 0.0006468   0.03055        19       640    0.9601    0.9729    0.9832    0.6778   0.03637  0.009637   0.03276
   274/299     5.92G   0.02542   0.00455 0.0005573   0.03053        17       640    0.9585    0.9743    0.9836    0.6768   0.03634  0.009637   0.03276
   275/299     5.92G   0.02556  0.004488  0.000682   0.03073        10       640    0.9614    0.9708    0.9841    0.6831    0.0364  0.009647   0.03279
   276/299     5.92G   0.02563   0.00451 0.0006716   0.03081        16       640    0.9586    0.9732    0.9839    0.6778   0.03638  0.009649   0.03278
   277/299     5.92G   0.02555  0.004396 0.0008544    0.0308        19       640     0.959     0.973    0.9836    0.6805   0.03636  0.009653   0.03281
   278/299     5.92G   0.02542  0.004504 0.0006592   0.03059        19       640    0.9593    0.9726    0.9837    0.6816   0.03632  0.009642   0.03283
   279/299     5.92G   0.02567  0.004461 0.0006093   0.03074        15       640    0.9592     0.973    0.9835    0.6849   0.03631   0.00964   0.03285
   280/299     5.92G   0.02581  0.004478 0.0005838   0.03088         6       640    0.9602    0.9736    0.9838    0.6835   0.03631  0.009658   0.03282
   281/299     5.92G   0.02588  0.004457 0.0006126   0.03095        23       640    0.9628    0.9708    0.9839    0.6796   0.03629   0.00967    0.0328
   282/299     5.92G   0.02512  0.004449 0.0006655   0.03024        12       640    0.9563    0.9765    0.9836    0.6787   0.03628  0.009684   0.03279
   283/299     5.92G   0.02562  0.004448  0.000614   0.03068         6       640    0.9561    0.9763    0.9839    0.6784   0.03628  0.009693   0.03277
   284/299     5.92G    0.0254  0.004526 0.0006235   0.03055        17       640    0.9556    0.9766    0.9837    0.6802   0.03628  0.009688   0.03276
   285/299     5.92G   0.02505  0.004508 0.0006819   0.03024        20       640    0.9515    0.9695    0.9785    0.6799   0.03626  0.009682   0.03274
   286/299     5.92G   0.02498  0.004448 0.0008342   0.03027        15       640    0.9509    0.9682    0.9775    0.6809   0.03623  0.009674   0.03272
   287/299     5.92G   0.02501  0.004482 0.0004556   0.02994        12       640    0.9514    0.9682    0.9775    0.6799   0.03621  0.009676   0.03267
   288/299     5.92G   0.02501  0.004368  0.001009   0.03039         8       640    0.9512     0.968    0.9775    0.6789   0.03621  0.009682   0.03264
   289/299     5.92G   0.02537  0.004388 0.0006274   0.03039        10       640    0.9518    0.9685     0.977    0.6767   0.03619  0.009677   0.03263
   290/299     5.92G   0.02516  0.004604 0.0008134   0.03058        15       640    0.9526    0.9677    0.9772    0.6761   0.03617  0.009666   0.03261
   291/299     5.92G   0.02545  0.004562 0.0004763   0.03049         9       640    0.9512    0.9696    0.9772    0.6763   0.03616  0.009661   0.03259
   292/299     5.92G   0.02565  0.004599 0.0006295   0.03087        27       640    0.9527    0.9679    0.9771     0.677   0.03614   0.00966   0.03259
   293/299     5.92G   0.02489  0.004456 0.0006404   0.02998        11       640     0.953    0.9676    0.9776    0.6781   0.03611  0.009656    0.0326
   294/299     5.92G   0.02522  0.004547 0.0009125   0.03068         8       640    0.9524    0.9684    0.9776    0.6818   0.03611  0.009655   0.03259
   295/299     5.92G   0.02512  0.004538 0.0006773   0.03033         8       640    0.9527    0.9681    0.9778    0.6803   0.03609  0.009657   0.03258
   296/299     5.92G   0.02512  0.004556 0.0006308   0.03031        16       640    0.9519    0.9686    0.9781    0.6803   0.03608  0.009659   0.03257
   297/299     5.92G     0.025  0.004403 0.0007927    0.0302        36       640    0.9534    0.9668    0.9777      0.68   0.03607  0.009658   0.03257
   298/299     5.92G   0.02547   0.00452  0.000718   0.03071        13       640    0.9544    0.9665    0.9779    0.6805    0.0361  0.009662   0.03257
   299/299     5.92G    0.0257  0.004442 0.0008926   0.03104        12       640    0.9593    0.9727    0.9832    0.6788   0.03612  0.009666   0.03257
