     0/199    0.432G   0.09411   0.00981   0.04279    0.1467        11       640 0.0002703   0.04355 8.013e-05 1.696e-05    0.1113  0.009712   0.05097
     1/199     2.49G   0.08094  0.004837   0.02824     0.114        24       640      0.51  0.001402 0.0009153 0.0001757    0.1141  0.008437    0.0569
     2/199     3.08G   0.07596  0.004241   0.02337    0.1036        19       640 5.155e-05   0.01296 3.119e-06 3.373e-07    0.1235  0.008006    0.1166
     3/199     3.08G   0.07305   0.00446   0.02229    0.0998        22       640    0.8963   0.03026   0.01831  0.005558    0.1153  0.007673    0.1427
     4/199     3.08G   0.06691  0.004684   0.02136   0.09295        22       640    0.7865   0.06577   0.04301  0.009486     0.107  0.008863   0.06586
     5/199     3.08G   0.06621  0.004732   0.02229   0.09323        17       640    0.6868    0.1235   0.07234   0.01573    0.1033  0.009499   0.05345
     6/199     3.08G   0.06514  0.004898   0.02386    0.0939         6       640    0.7006     0.113    0.0721   0.01511    0.1015  0.009983   0.05095
     7/199     3.08G   0.06447  0.005011    0.0213   0.09078        30       640    0.4062   0.04878   0.02316  0.003101    0.1236    0.0318    0.6718
     8/199     3.08G   0.06171  0.005002   0.02063   0.08734        26       640    0.8068    0.2304    0.2273   0.08365   0.09669    0.0101   0.06759
     9/199     3.08G   0.06003  0.005322   0.01755    0.0829        26       640    0.7577    0.2995    0.3089    0.1272   0.09385  0.009318   0.06303
    10/199     3.08G   0.05915  0.005378   0.01774   0.08226        10       640    0.8861    0.2108    0.2356    0.1032   0.09521   0.01066   0.06145
    11/199     3.08G   0.05899  0.005359   0.01586   0.08021        12       640    0.7387    0.2337    0.2355    0.0887   0.09429   0.01116   0.06741
    12/199     3.08G   0.05807  0.005418   0.01487   0.07835        15       640    0.9099    0.3703    0.4096      0.14   0.09218  0.009036   0.06714
    13/199     3.08G   0.05658  0.005368   0.01401   0.07596        12       640    0.7893    0.3015    0.3702    0.1707   0.08786  0.009836   0.06424
    14/199     3.08G   0.05437  0.005147   0.01094   0.07046        11       640    0.9035    0.2034    0.2159   0.06763   0.09685   0.01294    0.0926
    15/199     3.08G   0.05453    0.0054   0.01126   0.07119        15       640    0.7121    0.4637    0.4589    0.2165   0.08877  0.009456   0.06523
    16/199     3.08G   0.05497  0.005251  0.009691   0.06991        10       640    0.5617    0.1032    0.0682   0.02103   0.09989   0.01496   0.09135
    17/199     3.08G   0.05342  0.005221  0.007233   0.06588         8       640    0.5618    0.3522    0.3856    0.1558   0.08685   0.01075   0.06947
    18/199     3.08G   0.05222  0.005182    0.0085    0.0659        23       640    0.8179    0.2177    0.2471   0.06903   0.09494    0.0122   0.07289
    19/199     3.08G   0.05203  0.005092  0.007388   0.06451        22       640    0.6122    0.4421    0.4282    0.1864   0.08851   0.01323    0.0706
    20/199     3.08G   0.05192  0.005334  0.008498   0.06575        12       640    0.8645    0.5207    0.5919    0.2754   0.08689  0.009486   0.05832
    21/199     3.08G   0.05094  0.005203  0.009196   0.06534        12       640    0.6281    0.2915    0.3161     0.112    0.0949    0.0113   0.07561
    22/199     3.08G    0.0503  0.005023  0.007215   0.06254         7       640     0.685     0.712    0.6704    0.3044   0.08702  0.008813   0.06316
    23/199     3.08G   0.04991  0.004828  0.007173   0.06191        15       640     0.824    0.5152    0.6003    0.3156    0.0836  0.009184   0.05911
    24/199     3.08G   0.05163  0.005149  0.007171   0.06395        12       640    0.3646    0.4264    0.4115     0.123   0.09658   0.01136   0.09569
    25/199     3.08G   0.05246  0.005094  0.008749   0.06631         8       640    0.6865     0.505    0.5313     0.236   0.09297  0.009107   0.07616
    26/199     3.08G   0.05073  0.004953  0.007782   0.06347        14       640    0.7503    0.4116    0.4727    0.2179   0.09128   0.01153   0.06837
    27/199     3.08G   0.04881  0.004792  0.008189   0.06179        18       640    0.5342    0.5837    0.5779    0.2842   0.08708  0.009524   0.06172
    28/199     3.08G   0.04815  0.004868   0.00641   0.05943        15       640    0.7314    0.4726    0.5326    0.2906   0.08726   0.01082   0.05748
    29/199     3.08G   0.04725   0.00505  0.005867   0.05816        13       640    0.8549    0.5396    0.6267    0.2961   0.08674   0.01001   0.05416
    30/199     3.08G   0.04901  0.005077  0.007649   0.06174        12       640    0.1496    0.2762    0.1514   0.05383   0.09575   0.01248     0.125
    31/199     3.08G   0.04712   0.00497  0.009301   0.06139        13       640    0.7025    0.4455    0.4967    0.2372   0.08366  0.009905    0.1062
    32/199     3.08G   0.04635  0.005005  0.005294   0.05664        26       640    0.7849    0.6357    0.7167    0.3564   0.08077  0.009833   0.05622
    33/199     3.08G   0.04633  0.004934  0.005693   0.05696        25       640     0.847    0.6047    0.7493    0.3704   0.08253  0.009826   0.05897
    34/199     3.08G   0.04658  0.004952  0.005307   0.05684        11       640    0.7191    0.1918    0.2042   0.09788    0.1021   0.01678    0.2019
    35/199     3.08G   0.04746  0.005029  0.007339   0.05983        11       640    0.8283    0.6479    0.7442    0.3989   0.08201  0.009252   0.05548
    36/199     3.08G    0.0488   0.00494  0.008008   0.06175        12       640    0.4428     0.444    0.3992    0.1822   0.09106   0.01161    0.0653
    37/199     3.08G   0.04708  0.005021  0.006512   0.05862        27       640    0.7729    0.5207      0.59    0.2811   0.08454   0.01145   0.06065
    38/199     3.08G   0.04601  0.005012   0.00514   0.05616        20       640    0.7122      0.71      0.75    0.3975   0.07784  0.009143   0.05347
    39/199     3.08G   0.04672  0.004963  0.004982   0.05666        16       640    0.8553    0.5515    0.6401    0.3116   0.08172   0.01092   0.05971
    40/199     3.08G    0.0463  0.004979  0.005128   0.05641        10       640     0.857    0.7475    0.8524    0.4557   0.07756  0.009547   0.05216
    41/199     3.08G   0.04525  0.004799  0.004606   0.05466        16       640    0.6982    0.5506    0.6299    0.3239   0.08091    0.0101   0.05675
    42/199     3.08G    0.0451  0.004983  0.004214   0.05429         7       640     0.797    0.6969    0.8115    0.4273   0.07862   0.01068   0.05366
    43/199     3.08G   0.04614  0.005034  0.004951   0.05613        15       640    0.7221    0.5295    0.6006    0.3111   0.08004   0.01025    0.0539
    44/199     3.08G   0.04594  0.004843  0.004573   0.05536        22       640    0.8701    0.7315    0.8031     0.415   0.07823   0.01003   0.05243
    45/199     3.08G   0.04561  0.004938  0.003809   0.05436         7       640    0.7403    0.7693    0.7742    0.3904   0.07798  0.009835   0.05067
    46/199     3.08G   0.04525  0.004897  0.003523   0.05367        13       640    0.9427    0.6731    0.8381     0.454   0.07497  0.009606    0.0492
    47/199     3.08G   0.04383  0.004842  0.003133    0.0518        28       640    0.7626    0.8233    0.8536    0.4315   0.07683   0.01019   0.05391
    48/199     3.08G   0.04574  0.004915  0.005092   0.05574        14       640    0.9134    0.8003    0.8954    0.4737   0.07477  0.009121   0.05842
    49/199     3.08G   0.04393  0.004978  0.004694    0.0536         9       640    0.9456    0.8292    0.9227    0.5337   0.07117  0.009435    0.0504
    50/199     3.08G   0.04349  0.005083  0.005314   0.05389        19       640    0.8876    0.7196    0.7954    0.4268   0.07356   0.01097   0.05675
    51/199     3.08G   0.04285  0.004875  0.004669   0.05239        14       640    0.8683    0.8211    0.9094    0.4987   0.06926  0.009393   0.05416
    52/199     3.08G   0.04131  0.004946  0.003236    0.0495        15       640    0.9102    0.7644    0.8126    0.4459   0.07313  0.009975   0.05506
    53/199     3.08G   0.04132  0.004831  0.003022   0.04917        10       640    0.8513    0.6727    0.7894    0.3682   0.07573   0.01016    0.0541
    54/199     3.08G   0.04229  0.004981   0.00303    0.0503        16       640    0.8941    0.8209    0.8977    0.4952   0.06825  0.009325   0.05019
    55/199     3.08G    0.0413  0.004851  0.002941   0.04909        21       640    0.7807    0.7347    0.8107    0.3915   0.07448  0.009977   0.05047
    56/199     3.08G   0.04096  0.004896  0.002499   0.04836        12       640    0.7388    0.7672    0.8076    0.4305   0.07494  0.009754   0.05605
    57/199     3.08G   0.04156  0.004846  0.002765   0.04917        16       640    0.8332    0.8506    0.8938    0.4798   0.07289   0.00898   0.05428
    58/199     3.08G   0.04024  0.004874  0.002834   0.04795        11       640    0.9024    0.8484    0.9182    0.5222     0.069  0.009258   0.05512
    59/199     3.08G   0.04056  0.004733  0.003197   0.04849         5       640    0.7745    0.7368    0.7828    0.4333   0.07478   0.01053   0.05158
    60/199     3.08G   0.03997  0.004608  0.002586   0.04717        24       640    0.8763    0.8249    0.8869     0.479   0.07198  0.009354    0.0558
    61/199     3.08G   0.03938  0.004733  0.002152   0.04627        22       640    0.9152    0.8528    0.9241     0.532   0.07017  0.008808   0.04975
    62/199     3.08G   0.03966    0.0047  0.002517   0.04688        12       640    0.3638    0.4473    0.4409    0.2275   0.07984   0.01176   0.05801
    63/199     3.08G   0.03993   0.00481  0.002919   0.04766        26       640    0.7894     0.736    0.8453    0.4479   0.07492   0.01017   0.05682
    64/199     3.08G    0.0392  0.004722   0.00282   0.04674        11       640    0.8737    0.8976    0.9249     0.533   0.06885  0.008718   0.05092
    65/199     3.08G   0.03973  0.004743  0.003026    0.0475        20       640    0.8792    0.7733    0.8532    0.4888   0.06963   0.01003    0.0492
    66/199     3.08G   0.03825  0.004885  0.001951   0.04508        24       640    0.8419    0.8391    0.8841    0.4888   0.07023  0.009731   0.04876
    67/199     3.08G   0.03923  0.004681  0.001836   0.04574        24       640    0.9099    0.8749    0.9076    0.5112   0.06869  0.009297   0.05504
    68/199     3.08G   0.03755   0.00463  0.002083   0.04427        13       640    0.8254    0.8659    0.8585    0.4845   0.06763  0.009116    0.0479
    69/199     3.08G   0.03841  0.004658  0.002903   0.04597         9       640    0.8771    0.7355    0.8698    0.4727    0.0723   0.01068   0.06331
    70/199     3.08G   0.03908  0.004939  0.002718   0.04674        19       640    0.8451    0.7715    0.8455     0.451   0.07184  0.009771   0.05125
    71/199     3.08G   0.03821   0.00484  0.002155   0.04521        15       640    0.9197    0.9178    0.9481    0.5667   0.06423  0.009325   0.05134
    72/199     3.08G   0.03752  0.004635  0.002282   0.04444         7       640    0.9081    0.8337    0.9028    0.5088   0.06471  0.009607   0.04859
    73/199     3.08G    0.0373  0.004859  0.002538    0.0447        27       640    0.9242    0.8914    0.9434    0.5563   0.06525  0.009452   0.05107
    74/199     3.08G   0.03614  0.004721  0.001998   0.04286        17       640     0.912    0.9161    0.9503    0.5563   0.06017  0.009143   0.04745
    75/199     3.08G   0.03631  0.004739  0.002049    0.0431        17       640    0.8966    0.8719    0.9183    0.5403   0.06244   0.01006   0.04854
    76/199     3.08G   0.03714   0.00474  0.002353   0.04423        16       640    0.9171    0.8543    0.9287    0.5175   0.06725    0.0102   0.05515
    77/199     3.08G   0.03575  0.004693  0.001872   0.04232        19       640    0.7591    0.6337    0.7839    0.4245    0.0694   0.01057   0.04717
    78/199     3.08G   0.03537  0.004566  0.001796   0.04173        17       640    0.8087    0.8053    0.8859    0.5066    0.0713   0.01029    0.0603
    79/199     3.08G    0.0361  0.004615  0.002009   0.04272        16       640    0.9178    0.9012    0.9379     0.549   0.06178  0.009481   0.05577
    80/199     3.08G    0.0356  0.004625  0.002041   0.04227        13       640    0.9072    0.9286    0.9489    0.5914   0.06112  0.009193   0.05314
    81/199     3.08G   0.03584  0.004614  0.001881   0.04234        23       640    0.7647    0.6997    0.7981    0.4407   0.07156    0.0101   0.04678
    82/199     3.08G   0.03504  0.004732  0.001774   0.04155        25       640    0.8512    0.7433    0.8452    0.4445   0.06973    0.0107   0.06685
    83/199     3.08G   0.03576  0.004677  0.001734   0.04217        14       640    0.8409    0.8419    0.8704    0.4999   0.07125   0.00973   0.05296
    84/199     3.08G   0.03574  0.004641  0.002029   0.04241        12       640    0.8761    0.7493    0.8916    0.5186   0.06972   0.01088   0.05348
    85/199     3.08G   0.03535  0.004768  0.001464   0.04158        16       640    0.9125    0.8763      0.93    0.5748   0.06023  0.009092    0.0493
    86/199     3.08G   0.03534  0.004626   0.00175   0.04171        10       640       0.9     0.837    0.9069    0.5324   0.06594  0.009466    0.0449
    87/199     3.08G   0.03517  0.004706  0.002425    0.0423         9       640    0.9339    0.9146    0.9537    0.6017    0.0582  0.009462    0.0455
    88/199     3.08G   0.03469  0.004623  0.001873   0.04118        12       640     0.871    0.8437    0.9102    0.5069   0.06877  0.009981   0.04417
    89/199     3.08G   0.03377  0.004712  0.001554   0.04004        23       640    0.8921     0.872    0.9132    0.4888   0.06673   0.01006   0.04327
    90/199     3.08G   0.03439  0.004556  0.001929   0.04088        13       640    0.8937    0.9248    0.9501    0.5949   0.05977  0.009505   0.04082
    91/199     3.08G   0.03372  0.004638  0.001669   0.04003        10       640     0.912    0.9243    0.9558    0.5997   0.06038  0.009313   0.04759
    92/199     3.08G   0.03407  0.004732  0.001909   0.04071        18       640    0.9322    0.8775    0.9481    0.5944   0.05805  0.009975   0.04536
    93/199     3.08G   0.03379  0.004639  0.001568      0.04        18       640    0.9576    0.8625    0.9504    0.5949   0.05997   0.00987   0.04357
    94/199     3.08G   0.03508  0.004815  0.002129   0.04202        13       640    0.7782    0.7763    0.8641    0.5081   0.06382   0.01024   0.04097
    95/199     3.08G   0.03398  0.004631  0.001508   0.04012        14       640    0.9207    0.8816    0.9428    0.5796   0.06327  0.009786   0.04606
    96/199     3.08G    0.0335  0.004706  0.001349   0.03956        18       640    0.9338    0.9436    0.9627    0.6309   0.05782  0.009492   0.04339
    97/199     3.08G   0.03327  0.004564  0.001569    0.0394        22       640    0.9201    0.9204    0.9611    0.6178   0.05787  0.009573   0.04929
    98/199     3.08G   0.03251  0.004658  0.001357   0.03852         6       640    0.8939    0.8174    0.8619    0.5013   0.06549   0.01041   0.04081
    99/199     3.08G   0.03352  0.004821  0.001982   0.04032        25       640    0.9249    0.9419    0.9589    0.5847   0.06113  0.009449   0.04319
   100/199     3.08G   0.03359  0.004755  0.001311   0.03965        32       640     0.933    0.9289    0.9591    0.5819   0.06208  0.009543   0.04388
   101/199     3.08G   0.03235  0.004666  0.001622   0.03863        20       640    0.9311    0.9208    0.9568     0.619   0.05992  0.009473   0.04178
   102/199     3.08G    0.0329   0.00481  0.001505   0.03921        15       640    0.9275    0.9253    0.9601    0.6171   0.05675  0.009526   0.04416
   103/199     3.08G   0.03376  0.004573   0.00177    0.0401        30       640    0.9102     0.939    0.9559    0.6225   0.05573  0.009579   0.04433
   104/199     3.08G   0.03328  0.004536  0.001963   0.03977        14       640    0.8741    0.9246    0.9224    0.5715   0.05871  0.009454   0.03954
   105/199     3.08G   0.03346  0.004695  0.001618   0.03977        19       640    0.9523    0.9179    0.9611    0.6155   0.05766  0.009461   0.04679
   106/199     3.08G   0.03268  0.004701  0.001414   0.03879        18       640    0.9175    0.9323    0.9663     0.627   0.05934  0.009741   0.04895
   107/199     3.08G   0.03206  0.004592  0.001395   0.03805        21       640    0.9319    0.9228    0.9589    0.6008   0.05896  0.009629   0.04566
   108/199     3.08G    0.0326  0.004568  0.001226    0.0384        16       640     0.946    0.8964    0.9487    0.5847   0.05816  0.009635   0.03823
   109/199     3.08G   0.03187  0.004658  0.001798   0.03832        22       640    0.9039    0.8578    0.9321    0.5534   0.06282   0.01045   0.04604
   110/199     3.08G   0.03158  0.004654  0.001114   0.03735        26       640    0.9144    0.9499    0.9609    0.6236   0.05651  0.009866   0.04273
   111/199     3.08G   0.03196  0.004568  0.001133   0.03766        23       640    0.9237    0.9582    0.9618    0.5983   0.05449  0.009629   0.04426
   112/199     3.08G     0.032  0.004504  0.001534   0.03804        17       640    0.9038     0.962    0.9669    0.6123   0.05679  0.009844   0.04151
   113/199     3.08G   0.03167    0.0046  0.001108   0.03738         9       640    0.9385    0.9235    0.9669    0.5897   0.05689  0.009844    0.0453
   114/199     3.08G   0.03212  0.004555  0.001198   0.03787        18       640    0.9354    0.8434    0.9344    0.5819   0.06021  0.009923   0.03946
   115/199     3.08G    0.0321  0.004656  0.001267   0.03802        32       640    0.9286    0.9376    0.9618    0.6129   0.05435  0.009836   0.04294
   116/199     3.08G   0.03149  0.004617  0.001155   0.03726        13       640    0.9364     0.946    0.9606    0.6219   0.05619  0.009509    0.0458
   117/199     3.08G   0.03124  0.004488  0.001546   0.03728        12       640    0.9107    0.9571    0.9676    0.6144   0.05334    0.0101   0.04696
   118/199     3.08G   0.03188  0.004611  0.002323   0.03881        18       640    0.9309    0.9362    0.9536    0.6015   0.05624  0.009824   0.04114
   119/199     3.08G   0.03175  0.004505  0.001607   0.03787        18       640    0.9427     0.956    0.9689    0.6196   0.05538  0.009749   0.04028
   120/199     3.08G   0.03133  0.004513  0.001165   0.03701        20       640    0.9141    0.9296    0.9683    0.6093   0.05382   0.01005   0.04194
   121/199     3.08G   0.03189  0.004633  0.001087   0.03761        14       640    0.9471    0.9468    0.9672    0.6212   0.05228  0.009975   0.04112
   122/199     3.08G    0.0305   0.00468  0.001378   0.03656        25       640    0.9117    0.9446    0.9604    0.6175   0.05291   0.01001   0.03808
   123/199     3.08G   0.03093  0.004635 0.0009322   0.03649         6       640    0.9301    0.9529    0.9636    0.6294   0.05101   0.01004    0.0404
   124/199     3.08G    0.0315   0.00476  0.001502   0.03776         9       640    0.9382    0.9525    0.9652    0.6366   0.05205   0.01022   0.04178
   125/199     3.08G   0.03044  0.004676  0.001281   0.03639         6       640     0.934    0.9557    0.9674    0.6301   0.05068   0.01028    0.0398
   126/199     3.08G     0.031  0.004743 0.0009843   0.03673         8       640     0.948     0.904    0.9701    0.6166   0.05409   0.01072   0.04415
   127/199     3.08G   0.03115   0.00481  0.001143    0.0371        14       640    0.9361    0.9307    0.9639    0.6374   0.05105   0.01018   0.04203
   128/199     3.08G   0.03041  0.004705   0.00151   0.03663        11       640    0.9363    0.9466    0.9665    0.6238   0.05133  0.009941   0.04238
   129/199     3.08G   0.03088  0.004635  0.001153   0.03667        18       640    0.9418    0.9466    0.9643    0.6359   0.04983  0.009746   0.03974
   130/199     3.08G   0.03031  0.004713  0.001185   0.03621        15       640    0.9476    0.9026    0.9633    0.6257   0.05232   0.00997   0.03538
   131/199     3.08G   0.03088  0.004766  0.001334   0.03698        30       640    0.9207    0.9083    0.9512    0.5956   0.05543   0.01045   0.04289
   132/199     3.08G   0.03093  0.004702  0.001328   0.03696        16       640    0.9525    0.9537    0.9722    0.6374   0.04854  0.009881   0.03811
   133/199     3.08G   0.03023  0.004805  0.001104   0.03614        21       640    0.9512    0.9613    0.9734     0.645   0.04876  0.009648   0.04377
   134/199     3.08G   0.03041  0.004874  0.001278   0.03656         7       640    0.9477    0.9522    0.9707    0.6345   0.04696  0.009971   0.04166
   135/199     3.08G   0.02969   0.00481 0.0009106   0.03541        23       640    0.9542    0.9491    0.9706    0.6353    0.0479  0.009741   0.03798
   136/199     3.08G   0.02948   0.00491  0.001181   0.03557        13       640    0.9582    0.9409     0.971    0.6179   0.04811   0.01031   0.04013
   137/199     3.08G   0.02971  0.004879   0.00125   0.03584        12       640    0.9416    0.9549    0.9663    0.6377   0.04515  0.009808    0.0388
   138/199     3.08G   0.03013  0.004861  0.001044   0.03603        15       640    0.9412    0.9674    0.9703    0.6539   0.04581  0.009807   0.03846
   139/199     3.08G   0.02945  0.004758 0.0009067   0.03512        16       640    0.9431    0.9474    0.9659    0.6403   0.04785  0.009712   0.03867
   140/199     3.08G   0.02988  0.004744 0.0007848   0.03541         7       640    0.9555    0.9545    0.9759    0.6478   0.04575  0.009871    0.0411
   141/199     3.08G   0.02946  0.004684  0.001014   0.03516         8       640    0.9548    0.9576    0.9726    0.6486   0.04688   0.01008   0.03984
   142/199     3.08G   0.02938  0.004933  0.001567   0.03588        17       640    0.9554    0.9463    0.9685    0.6448   0.04621  0.009941   0.03878
   143/199     3.08G   0.02935  0.004787  0.001221   0.03536        24       640    0.9459    0.9518    0.9631    0.6441   0.04598  0.009655   0.03919
   144/199     3.08G   0.02972  0.004893  0.001611   0.03623        13       640    0.9362    0.9554    0.9733    0.6368   0.04617   0.01004   0.03953
   145/199     3.08G   0.02969  0.004989  0.001207   0.03588        20       640    0.9371    0.9561    0.9655    0.6494   0.04477  0.009746    0.0407
   146/199     3.08G   0.02897  0.004888 0.0008393    0.0347        16       640    0.9379    0.9683    0.9711      0.64   0.04486  0.009908   0.03902
   147/199     3.08G   0.02975  0.004875 0.0008458   0.03548        19       640     0.948    0.9569    0.9723    0.6507   0.04441  0.009881   0.03544
   148/199     3.08G   0.02873  0.004913  0.000855   0.03449        12       640    0.9439    0.9589    0.9677    0.6582   0.04431   0.00985   0.03411
   149/199     3.08G   0.02828  0.004805 0.0008599   0.03395        13       640    0.9513    0.9567    0.9724     0.659   0.04422  0.009751    0.0344
   150/199     3.08G   0.02839  0.004828 0.0009378   0.03416        21       640    0.9468    0.9476    0.9673    0.6466   0.04454   0.00986   0.03506
   151/199     3.08G   0.02853  0.004702 0.0008552   0.03409        13       640    0.9546     0.955    0.9753    0.6478    0.0449  0.009833   0.03545
   152/199     3.08G   0.02863  0.004861   0.00111    0.0346        19       640      0.96    0.9426    0.9728    0.6607   0.04388  0.009772   0.03477
   153/199     3.08G   0.02822  0.004885 0.0009032     0.034        16       640    0.9394    0.9567    0.9695    0.6572   0.04415  0.009825   0.03491
   154/199     3.08G   0.02848  0.004858 0.0008761   0.03421        24       640    0.9449    0.9441    0.9718    0.6455   0.04409   0.01011   0.03502
   155/199     3.08G    0.0291  0.004873 0.0007819   0.03476        20       640    0.9491    0.9522     0.974    0.6567    0.0435  0.009765   0.03492
   156/199     3.08G   0.02858  0.004888 0.0009367    0.0344        10       640    0.9367    0.9669     0.973    0.6539   0.04303  0.009848   0.03502
   157/199     3.08G   0.02826  0.004839  0.001278   0.03438        21       640    0.9468    0.9605    0.9764    0.6511   0.04319  0.009796   0.03548
   158/199     3.08G   0.02827  0.004775 0.0008622    0.0339         8       640    0.9518    0.9551    0.9745    0.6475   0.04322  0.009818   0.03575
   159/199     3.08G   0.02809  0.004964 0.0008558   0.03391        29       640    0.9576    0.9497    0.9785    0.6614   0.04329  0.009794   0.03633
   160/199     3.08G   0.02854  0.004813  0.001032   0.03439        15       640    0.9423    0.9632    0.9778     0.658   0.04332  0.009822   0.03641
   161/199     3.08G   0.02864  0.004954  0.001186   0.03478        14       640    0.9374    0.9685    0.9781    0.6662   0.04313  0.009787   0.03678
   162/199     3.08G   0.02847  0.004921  0.001292   0.03468        16       640    0.9653    0.9484    0.9789    0.6663   0.04392  0.009589    0.0363
   163/199     3.08G   0.02853  0.004892 0.0007916   0.03421        14       640    0.9473    0.9621    0.9753    0.6448   0.04352  0.009961   0.03647
   164/199     3.08G   0.02767   0.00482 0.0007947   0.03328         9       640    0.9551    0.9636    0.9777    0.6599   0.04351   0.00965   0.03586
   165/199     3.08G   0.02841  0.004967 0.0009818   0.03436        18       640    0.9543    0.9627    0.9735    0.6618   0.04334  0.009773    0.0358
   166/199     3.08G   0.02818   0.00472  0.001072   0.03397        12       640    0.9612    0.9533    0.9748    0.6679    0.0436  0.009679    0.0362
   167/199     3.08G   0.02787  0.004641  0.001075   0.03358        12       640    0.9579    0.9557     0.973    0.6621   0.04308  0.009746   0.03607
   168/199     3.08G   0.02804  0.004771 0.0009204   0.03373        13       640    0.9465     0.953     0.969    0.6531   0.04388   0.00988   0.03648
   169/199     3.08G   0.02774  0.004832 0.0009668   0.03354        29       640    0.9592    0.9525    0.9735    0.6582   0.04319  0.009761   0.03552
   170/199     3.08G   0.02815  0.004839 0.0006747   0.03367        11       640    0.9574    0.9591    0.9763    0.6559   0.04328  0.009759   0.03562
   171/199     3.08G   0.02777  0.004773 0.0009187   0.03346        13       640    0.9516    0.9686    0.9745     0.656   0.04315  0.009674   0.03647
   172/199     3.08G   0.02795  0.004999  0.001006   0.03395        14       640    0.9488    0.9709    0.9758    0.6568   0.04327  0.009588   0.03661
   173/199     3.08G   0.02757  0.004743 0.0009513   0.03326        16       640    0.9565    0.9628    0.9759    0.6545   0.04256  0.009768   0.03686
   174/199     3.08G   0.02792  0.004903  0.001312   0.03414        18       640    0.9423     0.954    0.9705    0.6553   0.04305  0.009885   0.03697
   175/199     3.08G   0.02721  0.004885 0.0007469   0.03284        10       640    0.9477    0.9645     0.976    0.6603   0.04272  0.009732   0.03673
   176/199     3.08G   0.02816  0.004746  0.001015   0.03392        19       640    0.9506     0.962    0.9763    0.6569   0.04243  0.009807   0.03671
   177/199     3.08G   0.02808  0.004864  0.001149    0.0341        12       640    0.9572    0.9551    0.9754    0.6586   0.04242  0.009736   0.03636
   178/199     3.08G   0.02753  0.004702 0.0006972   0.03293        22       640    0.9545    0.9479    0.9696    0.6596   0.04244   0.00974   0.03633
   179/199     3.08G   0.02775  0.004867 0.0007264   0.03335        10       640     0.961    0.9534    0.9754    0.6599   0.04221  0.009705   0.03623
   180/199     3.08G   0.02713  0.004709   0.00116     0.033        14       640    0.9493    0.9564    0.9691    0.6524   0.04222  0.009694   0.03628
   181/199     3.08G   0.02768  0.004835  0.001004   0.03352        23       640    0.9508    0.9564    0.9691    0.6547   0.04203  0.009695   0.03624
   182/199     3.08G   0.02774  0.004928 0.0009794   0.03365        10       640    0.9578     0.959    0.9752    0.6576   0.04225   0.00967   0.03621
   183/199     3.08G   0.02736  0.004744 0.0007309   0.03283        17       640    0.9561    0.9598    0.9747     0.665   0.04193  0.009723   0.03591
   184/199     3.08G   0.02726   0.00474 0.0009602   0.03296        13       640    0.9616    0.9548    0.9751     0.664   0.04222  0.009728   0.03679
   185/199     3.08G   0.02727  0.004699  0.001119   0.03309        22       640    0.9611    0.9578    0.9758    0.6668   0.04237  0.009719   0.03684
   186/199     3.08G   0.02775  0.004834  0.001157   0.03375        11       640    0.9621    0.9581    0.9751    0.6661   0.04221  0.009698   0.03655
   187/199     3.08G   0.02723  0.004739   0.00106   0.03303        21       640    0.9576    0.9632    0.9758    0.6683   0.04223  0.009694   0.03699
   188/199     3.08G   0.02772  0.004731  0.001303   0.03375        14       640    0.9623    0.9573    0.9754    0.6619   0.04222  0.009737   0.03664
   189/199     3.08G   0.02695  0.004804 0.0007516   0.03251        15       640    0.9556    0.9637    0.9755    0.6626   0.04225  0.009681    0.0364
   190/199     3.08G   0.02756  0.004853 0.0007585   0.03317        25       640    0.9614    0.9561    0.9751    0.6642   0.04212  0.009705   0.03645
   191/199     3.08G   0.02782  0.004879 0.0009879   0.03369        17       640     0.957    0.9603    0.9753    0.6646    0.0423  0.009725   0.03649
   192/199     3.08G   0.02713  0.004888 0.0008939   0.03291        19       640    0.9555    0.9618    0.9752    0.6658   0.04218  0.009691   0.03645
   193/199     3.08G   0.02713   0.00479 0.0006724   0.03259        12       640    0.9558    0.9633    0.9748    0.6662   0.04212  0.009669   0.03654
   194/199     3.08G   0.02703  0.004794  0.000926   0.03275        14       640    0.9566    0.9627    0.9751    0.6674   0.04198   0.00971   0.03667
   195/199     3.08G    0.0272  0.004752  0.001041   0.03299        18       640    0.9554    0.9634    0.9747    0.6651   0.04199  0.009692   0.03684
   196/199     3.08G   0.02701   0.00474  0.000654   0.03241        12       640    0.9579    0.9604    0.9751    0.6658   0.04196  0.009702   0.03684
   197/199     3.08G   0.02759  0.004699 0.0008137   0.03311        13       640    0.9567    0.9632     0.975    0.6626   0.04205  0.009671   0.03699
   198/199     3.08G     0.027  0.004689 0.0007224   0.03241        25       640    0.9571     0.962     0.976    0.6642    0.0421  0.009672    0.0369
   199/199     3.08G   0.02784  0.004701  0.000972   0.03352        12       640    0.9592    0.9604    0.9759    0.6643   0.04207  0.009673     0.037
