     0/299    0.189G   0.08222   0.01412   0.04816    0.1445         8       640    0.1257  0.005068 0.0001649 5.179e-05    0.1015    0.0145   0.04593
     1/299     1.63G   0.07921  0.007792   0.03683    0.1238        19       640    0.5029   0.01014 0.0007487 0.0002007     0.106   0.01202   0.04584
     2/299     1.63G   0.07918  0.006918   0.03172    0.1178        26       640 0.0002059   0.04111 4.459e-05 8.294e-06    0.1028   0.01263   0.04568
     3/299     1.63G   0.07871  0.006457   0.02882     0.114        14       640 6.616e-05   0.01351 1.072e-05 1.626e-06    0.1017   0.01205     0.046
     4/299     1.63G   0.07398   0.00713    0.0264    0.1075        17       640 0.0004172   0.00904 1.753e-05  2.59e-06    0.1001   0.01386   0.05527
     5/299     1.63G   0.07008   0.00755   0.02416    0.1018        15       640    0.3828   0.02056  0.003166 0.0006969   0.09565   0.01446   0.05046
     6/299     1.63G   0.06862  0.007384   0.02294   0.09894        16       640    0.1254  0.006098 2.646e-05 2.679e-06    0.1122   0.01238   0.07796
     7/299     1.63G   0.06498  0.007139   0.02059   0.09271        12       640 0.0009102  0.001402 0.0002185 4.513e-05   0.09689   0.01541   0.05422
     8/299     1.63G   0.06341  0.006569   0.02001   0.08999         9       640    0.6392   0.01227  0.003847  0.001096   0.09791   0.01385   0.05711
     9/299     1.63G   0.06243  0.006487   0.01751   0.08643         8       640    0.5777    0.0771   0.07502   0.02382   0.09275   0.01291   0.05663
    10/299     1.63G   0.06084   0.00649   0.01484   0.08217        16       640    0.9117    0.1474    0.1807   0.05899   0.08665   0.01245   0.05782
    11/299     1.63G   0.06044  0.006733   0.01369   0.08086        15       640    0.7826   0.05183   0.01688  0.002585     0.101   0.01661   0.07905
    12/299     1.63G   0.05934  0.006712   0.01186   0.07791         9       640    0.7746    0.1774    0.1979   0.07941   0.08827   0.01273   0.05932
    13/299     1.63G    0.0574  0.006514   0.01093   0.07484        18       640    0.5425    0.2523    0.2028    0.0642   0.08135   0.01327   0.05429
    14/299     1.63G   0.05782  0.006718  0.009734   0.07428        10       640    0.7486    0.2381    0.2258   0.07326   0.08153   0.01308   0.06007
    15/299     1.63G   0.05704  0.006475  0.008986    0.0725        20       640    0.7142    0.3156    0.3203    0.1206   0.08173   0.01261   0.05976
    16/299     1.63G   0.05742  0.006425  0.008232   0.07208        14       640    0.3037     0.211    0.1753   0.05122   0.08709   0.01389   0.04951
    17/299     1.63G   0.05535  0.006406  0.007741   0.06949        24       640    0.9798   0.07927    0.1065   0.02648   0.09071   0.01526   0.06159
    18/299     1.63G   0.05526  0.006372  0.008386   0.07002        12       640    0.5284    0.2037    0.2173   0.06326   0.08726   0.01382   0.05154
    19/299     1.63G   0.05432  0.006381   0.00702   0.06772        16       640    0.5081    0.3439     0.279   0.08801   0.08059    0.0139   0.05872
    20/299     1.63G   0.05425  0.006436  0.007278   0.06797         8       640    0.4813    0.4422    0.3335    0.1154    0.0819   0.01437   0.04811
    21/299     1.63G   0.05346  0.006344  0.006887   0.06669        11       640    0.5577    0.3784    0.3412    0.1263   0.08846   0.01248   0.05112
    22/299     1.63G    0.0521  0.006164  0.005899   0.06416        13       640     0.591    0.4204    0.4586    0.1488   0.08191    0.0136   0.04797
    23/299     1.63G    0.0525  0.006144   0.00603   0.06468        15       640    0.5478     0.228    0.2497    0.1051   0.08569   0.01489   0.04904
    24/299     1.63G   0.05194  0.006218  0.006071   0.06423        14       640    0.7626     0.524    0.6554    0.2846   0.07284   0.01149     0.045
    25/299     1.63G   0.05078  0.006109  0.005836   0.06273        14       640    0.7074    0.1557    0.1601   0.05559   0.08866   0.01513   0.05959
    26/299     1.63G   0.05023  0.006089  0.005085    0.0614        19       640    0.7805    0.1956    0.2605    0.1102    0.0824   0.01491    0.0448
    27/299     1.63G   0.04996  0.006055  0.004627   0.06064        14       640    0.7153    0.1271     0.203   0.08307   0.08792   0.01848   0.05387
    28/299     1.63G   0.05025  0.006265  0.004778   0.06129         8       640    0.5258    0.2291    0.1956   0.06929   0.08354   0.01532   0.05607
    29/299     1.63G   0.04931  0.006183  0.004613    0.0601        28       640    0.6313    0.6019    0.6462     0.252   0.07416   0.01416   0.04294
    30/299     1.63G   0.04846  0.006034  0.004734   0.05923        18       640    0.6373    0.6144     0.652    0.3217   0.06898   0.01246   0.04266
    31/299     1.63G   0.04882  0.006065  0.004609   0.05949        20       640    0.7214    0.6125    0.7317    0.3171   0.06843   0.01219   0.04001
    32/299     1.63G   0.04806  0.005835   0.00441    0.0583        13       640    0.9428   0.06707   0.06684   0.03504    0.0962   0.02725   0.08066
    33/299     1.63G   0.04904  0.006129  0.004757   0.05992        16       640     0.618    0.7354    0.6959    0.2995   0.07125   0.01416   0.04003
    34/299     1.63G   0.04899  0.006052  0.004806   0.05984        15       640    0.7427    0.1915    0.2041   0.09382   0.09029   0.01588   0.07019
    35/299     1.63G   0.04806  0.005925  0.004155   0.05814        12       640    0.7297    0.6303    0.6821    0.3217   0.06949   0.01275   0.03893
    36/299     1.63G   0.04766  0.005964  0.003895   0.05752         7       640    0.8342    0.2746     0.325    0.1225   0.07564   0.01448   0.05057
    37/299     1.63G   0.04721  0.005958  0.003908   0.05707        19       640    0.7875    0.6129    0.7722    0.3782   0.06594   0.01252   0.03889
    38/299     1.63G   0.04716  0.005975  0.003749   0.05688        19       640    0.5228    0.3245    0.2975    0.1056   0.08063   0.01958   0.05496
    39/299     1.63G   0.04673  0.006061  0.003325   0.05611        12       640    0.7428    0.7231     0.783    0.3579   0.06355    0.0126   0.03851
    40/299     1.63G   0.04651   0.00601  0.003471   0.05599        22       640    0.6545    0.6785    0.7112    0.3139   0.06705   0.01225   0.03807
    41/299     1.63G   0.04568  0.005919  0.003578   0.05517        15       640    0.6622    0.6567    0.6907    0.3195   0.06705   0.01251   0.03746
    42/299     1.63G   0.04557  0.005922  0.004193   0.05569        13       640    0.7454    0.7518    0.7749    0.3733     0.064   0.01274   0.04034
    43/299     1.63G   0.04579  0.005827  0.003079   0.05469        21       640     0.365    0.3185    0.2935    0.1268   0.08089   0.02287   0.04687
    44/299     1.63G   0.04632  0.005907  0.003783   0.05601        17       640    0.3892      0.46    0.4348    0.1675   0.07981   0.01454   0.04642
    45/299     1.63G   0.04613  0.005983  0.003554   0.05567        13       640    0.7963    0.7655    0.8251    0.3974   0.06399   0.01274   0.03801
    46/299     1.63G   0.04491  0.006053  0.003257   0.05422        14       640     0.821    0.7882     0.821    0.4058   0.06222   0.01204   0.03584
    47/299     1.63G   0.04487  0.005755  0.003127   0.05375        10       640      0.57    0.4946    0.5715    0.2539   0.07535   0.01294   0.04569
    48/299     1.63G    0.0449  0.005831  0.003301   0.05403        18       640    0.5836    0.2481    0.2781    0.1181   0.08033   0.01933   0.05099
    49/299     1.63G    0.0442  0.005817  0.003072   0.05309        15       640    0.5274     0.197    0.1647    0.0606   0.09079   0.01814   0.05852
    50/299     1.63G   0.04534  0.005954  0.003049   0.05434        11       640    0.6465    0.5095     0.641    0.2452   0.07224   0.01643    0.0362
    51/299     1.63G   0.04426  0.005829  0.002793   0.05288        25       640    0.8392     0.828    0.8804    0.4613   0.06156   0.01194   0.03552
    52/299     1.63G   0.04362  0.005874  0.002749   0.05224        13       640     0.803    0.7931    0.8403    0.4175   0.06035   0.01203   0.03713
    53/299     1.63G   0.04417  0.005997  0.003081   0.05325        18       640    0.8296    0.7503     0.864    0.4591   0.05908   0.01261   0.03522
    54/299     1.63G   0.04298  0.005842  0.002596   0.05141        14       640    0.8498    0.7413    0.8578    0.4103   0.06043   0.01243   0.03653
    55/299     1.63G   0.04372  0.005994  0.002887   0.05261        17       640    0.8602    0.7827    0.8598    0.4773   0.05813   0.01238   0.03598
    56/299     1.63G   0.04386  0.005992  0.003022   0.05288        15       640    0.4914    0.2603    0.2793     0.111   0.08572   0.01816     0.071
    57/299     1.63G   0.04368  0.005989  0.002741   0.05241        10       640     0.803    0.7852    0.8628    0.4173   0.06064   0.01225   0.03533
    58/299     1.63G   0.04332  0.006036  0.002676   0.05203        27       640    0.8066    0.5971    0.7444    0.3379   0.06886   0.01419   0.03606
    59/299     1.63G   0.04332   0.00595  0.002812   0.05209        11       640    0.7415    0.7514    0.7969    0.3823   0.06123   0.01254   0.03665
    60/299     1.63G   0.04301  0.005825  0.002598   0.05143        13       640    0.6511    0.6714     0.721    0.3502   0.06657   0.01307   0.03754
    61/299     1.63G   0.04239   0.00594  0.002448   0.05078        13       640    0.8692    0.7742    0.8358    0.4375   0.05854   0.01192   0.03469
    62/299     1.63G   0.04225   0.00572  0.002388   0.05036        14       640    0.8152    0.7887    0.8527    0.4583   0.05817   0.01131   0.03703
    63/299     1.63G   0.04299  0.006037  0.003069   0.05209        25       640    0.8355    0.8099    0.8708    0.4852   0.05791   0.01269   0.03468
    64/299     1.63G   0.04187  0.006054  0.002743   0.05067        24       640    0.3309    0.1638     0.153   0.06795   0.07956    0.0173   0.04918
    65/299     1.63G   0.04242  0.005937  0.002902   0.05126        18       640    0.8873    0.8032    0.8962    0.4795   0.05751    0.0114   0.03382
    66/299     1.63G    0.0421  0.006086  0.003004   0.05119        22       640    0.8355    0.8304    0.8753    0.4263   0.05854   0.01166   0.03376
    67/299     1.63G   0.04181  0.005817   0.00249   0.05011         8       640    0.7598    0.6685    0.7838     0.352   0.06585   0.01553   0.04133
    68/299     1.63G   0.04201   0.00582  0.002549   0.05038        18       640    0.5296     0.443    0.4849    0.2073   0.07037   0.01622   0.04155
    69/299     1.63G   0.04102  0.005829  0.002183   0.04903        11       640    0.7928    0.8358    0.8805    0.4717   0.05776   0.01125   0.03464
    70/299     1.63G   0.04285  0.005922  0.003819   0.05259         8       640    0.8145    0.8532    0.8846    0.4408   0.05985   0.01099   0.03414
    71/299     1.63G   0.04202  0.006044  0.002964   0.05103        16       640    0.7157    0.1886    0.2169   0.09673   0.08446   0.01926    0.0644
    72/299     1.63G   0.04197  0.005781  0.002487   0.05023        10       640    0.7811    0.8664    0.8646    0.4354   0.05782   0.01084   0.03506
    73/299     1.63G   0.04157   0.00605  0.002669   0.05029        17       640    0.7307    0.6053    0.7139    0.3215   0.06523    0.0133   0.03989
    74/299     1.63G   0.04085   0.00595  0.002749   0.04955        15       640    0.8071    0.8629     0.877    0.4537   0.05892   0.01206   0.03396
    75/299     1.63G   0.04164  0.005946  0.002279   0.04986        12       640    0.8635    0.7035    0.8424    0.3985   0.06174   0.01273   0.03565
    76/299     1.63G   0.04061  0.005838  0.002375   0.04882        14       640    0.8941    0.7919    0.9036    0.4971   0.05433   0.01084   0.03338
    77/299     1.63G   0.04145  0.005849  0.002527   0.04983        26       640    0.8143    0.8202    0.8598    0.4574   0.05902   0.01233   0.03436
    78/299     1.63G   0.04058  0.005806  0.002305   0.04869        16       640    0.9051    0.8669    0.9216    0.5282   0.05416   0.01091    0.0339
    79/299     1.63G   0.04034  0.005846  0.002146   0.04833        23       640    0.6934    0.7167    0.7738    0.3869   0.06255   0.01303   0.03574
    80/299     1.63G    0.0403   0.00589  0.002769   0.04896        21       640     0.912    0.8646    0.9311    0.5311   0.05387   0.01084   0.03245
    81/299     1.63G   0.04004  0.005841  0.003303   0.04919        21       640    0.7036    0.7711    0.8062    0.4045   0.05975   0.01299   0.03542
    82/299     1.63G   0.04035   0.00583  0.002577   0.04876        11       640    0.5113    0.2618    0.2372    0.1063   0.07441   0.01661   0.04518
    83/299     1.63G   0.03945  0.005761   0.00221   0.04742         9       640    0.8463     0.858    0.9011    0.5243   0.05507   0.01116   0.03333
    84/299     1.63G   0.03988  0.005703  0.002525   0.04811        22       640    0.5398    0.4355    0.5178    0.2198   0.07272   0.01521   0.04988
    85/299     1.63G   0.03939  0.005803  0.002208    0.0474        26       640    0.9389     0.838    0.9152    0.5316   0.05489   0.01121   0.03272
    86/299     1.63G   0.03929  0.005879  0.002092   0.04726        13       640    0.9154    0.7945    0.8982    0.4832   0.05527   0.01077   0.03284
    87/299     1.63G   0.03957  0.005727  0.001763   0.04706        15       640    0.8943    0.8636    0.9264    0.5366   0.05265   0.01078   0.03448
    88/299     1.63G   0.03951  0.005882  0.002115   0.04751         9       640    0.8557    0.7963    0.8708    0.4498   0.05785   0.01149   0.03551
    89/299     1.63G   0.03907  0.005579  0.002125   0.04677        15       640    0.9198    0.8077    0.9153    0.5385   0.05434   0.01045   0.03447
    90/299     1.63G   0.03949  0.005705  0.002152   0.04734        14       640    0.5932    0.3549    0.4084    0.1592   0.07095    0.0177   0.04502
    91/299     1.63G   0.03909  0.005556  0.001802   0.04645        11       640    0.8276    0.7981    0.8535    0.4646   0.05747   0.01107    0.0374
    92/299     1.63G   0.03899  0.005687  0.002314   0.04699        24       640    0.3726     0.349    0.3795    0.1622   0.07199   0.01613   0.04717
    93/299     1.63G   0.03922  0.005654  0.002099   0.04698        16       640    0.8427    0.8389    0.8871    0.4898   0.05736   0.01084   0.03466
    94/299     1.63G   0.03883  0.005779  0.001938   0.04655        13       640    0.4251    0.3521    0.4118      0.18   0.07068    0.0172   0.04629
    95/299     1.63G   0.03939  0.005718  0.002476   0.04759        10       640    0.7729    0.7416    0.8205    0.4037   0.06011    0.0119   0.03566
    96/299     1.63G   0.03865  0.005771  0.002546   0.04696        10       640    0.8662    0.8176    0.8815    0.4421   0.05751   0.01126    0.0345
    97/299     1.63G   0.03845  0.005592   0.00195   0.04599        18       640    0.8892     0.896    0.9154    0.5497   0.05255   0.01047   0.03457
    98/299     1.63G   0.03845  0.005721  0.002002   0.04618        16       640    0.8922    0.8824    0.9309    0.5677    0.0523   0.01081   0.03387
    99/299     1.63G   0.03875  0.005636  0.002507   0.04689        24       640    0.7715    0.7065    0.7891    0.3823   0.06134   0.01367   0.03929
   100/299     1.63G   0.03853  0.005701  0.002091   0.04632        12       640    0.8929    0.7394    0.8604    0.4621   0.05869   0.01154   0.03763
   101/299     1.63G   0.03873  0.005586  0.002135   0.04646        24       640    0.9203    0.8755    0.9275    0.5599    0.0497   0.01061   0.03579
   102/299     1.63G   0.03849  0.005671  0.002132   0.04629         8       640    0.8949    0.8603     0.911    0.5148   0.05418   0.01028   0.03394
   103/299     1.63G   0.03836  0.005681  0.001655   0.04569        15       640    0.9244    0.8319    0.9184    0.5306   0.05157  0.009957   0.03522
   104/299     1.63G   0.03782  0.005707  0.001738   0.04526        21       640    0.9005    0.8707     0.917    0.4985   0.05325   0.01063    0.0354
   105/299     1.63G   0.03721  0.005659   0.00197   0.04484        22       640    0.9347    0.8195    0.9226     0.565   0.05195  0.009938   0.03519
   106/299     1.63G   0.03793   0.00572  0.002467   0.04612        30       640    0.6873    0.8057    0.7933    0.3828   0.05879   0.01253   0.03456
   107/299     1.63G   0.03784  0.005449  0.001921   0.04521        13       640    0.6919    0.3052    0.3579    0.1462   0.07272   0.01602   0.04763
   108/299     1.63G   0.03788  0.005575  0.001858   0.04531        20       640    0.8918    0.8157     0.892     0.461   0.05509   0.01072   0.03591
   109/299     1.63G   0.03748  0.005697   0.00205   0.04523        18       640    0.9114    0.8596    0.9152    0.5386    0.0527   0.01071   0.03458
   110/299     1.63G   0.03743  0.005652  0.002062   0.04514        20       640    0.8875    0.8791    0.9278      0.56   0.05281   0.01065   0.03622
   111/299     1.63G   0.03732  0.005596  0.002205   0.04512        14       640    0.7177    0.5295    0.6074    0.2735   0.06249   0.01265   0.03718
   112/299     1.63G   0.03779  0.005469  0.002033   0.04529        13       640     0.924    0.8438    0.9151    0.5123   0.05282   0.01032   0.03478
   113/299     1.63G   0.03695  0.005704  0.002042    0.0447        18       640    0.8664    0.8789    0.9168    0.5184   0.05375   0.01129   0.03562
   114/299     1.63G   0.03665  0.005517  0.001663   0.04383        19       640    0.8551    0.7204    0.8271    0.4232   0.05856   0.01177   0.03613
   115/299     1.63G   0.03706  0.005499   0.00196   0.04452        19       640    0.8285    0.8176    0.8709    0.4396   0.05561   0.01157   0.03442
   116/299     1.63G   0.03716  0.005594  0.002014   0.04477        24       640    0.9157      0.86     0.924    0.5643      0.05   0.01007   0.03423
   117/299     1.63G   0.03736  0.005611  0.001765   0.04474        20       640    0.8857    0.9193    0.9302    0.5673   0.04985   0.01012   0.03406
   118/299     1.63G   0.03743  0.005641  0.001866   0.04493         9       640    0.8049     0.819    0.8662    0.4309   0.05792   0.01135   0.03464
   119/299     1.63G   0.03671  0.005516  0.001833   0.04406        24       640    0.9221    0.8556     0.927    0.5529   0.05043   0.01045   0.03474
   120/299     1.63G   0.03631  0.005581  0.001823   0.04371        13       640    0.9274    0.8855    0.9355    0.5694   0.04965   0.01056   0.03467
   121/299     1.63G   0.03718  0.005524  0.001711   0.04442        15       640    0.9162    0.9024    0.9383    0.5686   0.04975   0.01012   0.03366
   122/299     1.63G   0.03665  0.005536  0.001951   0.04414        23       640    0.9387    0.7837    0.8949    0.4771   0.05512   0.01088   0.03518
   123/299     1.63G   0.03642  0.005456  0.001805   0.04368        18       640    0.6508    0.5667    0.6331     0.295   0.06199   0.01368   0.03936
   124/299     1.63G   0.03634  0.005552  0.002043   0.04394         9       640    0.8831    0.8817    0.9095    0.5343    0.0531   0.01066   0.03406
   125/299     1.63G    0.0365  0.005512  0.001834   0.04384        11       640    0.8596    0.8819    0.9284    0.5381   0.05252   0.01041     0.035
   126/299     1.63G   0.03633  0.005475  0.002086   0.04389        11       640    0.8797    0.8421    0.8969    0.5115   0.05345   0.01115   0.03589
   127/299     1.63G   0.03655  0.005471  0.001763   0.04378         4       640    0.9368    0.8698    0.9302    0.5678   0.05142   0.01018   0.03548
   128/299     1.63G   0.03629  0.005556   0.00178   0.04363        10       640    0.9349    0.8861    0.9362    0.5835   0.05115   0.01011   0.03383
   129/299     1.63G   0.03659  0.005517  0.001708   0.04381         6       640    0.9339     0.883    0.9346    0.5626   0.05024   0.01009   0.03508
   130/299     1.63G   0.03625  0.005397  0.001832   0.04347        11       640    0.7216    0.5791    0.6741    0.3061   0.06262   0.01287   0.03874
   131/299     1.63G   0.03652  0.005439  0.001538   0.04349        23       640    0.7098    0.7372    0.8067    0.4126   0.06003   0.01277   0.03522
   132/299     1.63G   0.03638  0.005392  0.001705   0.04347         8       640    0.8788     0.788    0.8713    0.4698   0.05617   0.01104   0.03516
   133/299     1.63G   0.03681   0.00542  0.001363    0.0436        21       640    0.9206    0.9043    0.9385    0.5802    0.0504  0.009896   0.03393
   134/299     1.63G   0.03613  0.005449  0.001896   0.04348        14       640    0.9494    0.8692    0.9332    0.5866    0.0503   0.01002   0.03327
   135/299     1.63G   0.03608  0.005381  0.001586   0.04305         8       640    0.8854    0.8469    0.9036    0.5367   0.05156   0.01112    0.0333
   136/299     1.63G   0.03582  0.005527  0.001595   0.04294        17       640    0.9243    0.8832    0.9367    0.5848   0.05037  0.009848   0.03499
   137/299     1.63G   0.03569  0.005235  0.001497   0.04242        23       640    0.9075    0.9135    0.9381     0.578   0.05017  0.009825   0.03486
   138/299     1.63G   0.03588  0.005217  0.001626   0.04272        11       640    0.9301     0.905    0.9382    0.5903   0.05067  0.009712   0.03559
   139/299     1.63G   0.03608  0.005368  0.001578   0.04302         9       640    0.9361    0.8853    0.9403    0.5816   0.05053  0.009776    0.0354
   140/299     1.63G   0.03563  0.005472  0.001602    0.0427        15       640    0.9052    0.8757    0.9315    0.5808    0.0497   0.01025   0.03537
   141/299     1.63G   0.03533   0.00544   0.00161   0.04238        15       640    0.9453     0.889    0.9399     0.586   0.05159  0.009964   0.03522
   142/299     1.63G   0.03533  0.005255  0.001642   0.04223         6       640    0.8977    0.9086    0.9431    0.5698   0.05016   0.01053   0.03523
   143/299     1.63G   0.03564  0.005343  0.001354   0.04234        11       640    0.8892    0.7835    0.8461    0.4626   0.05703   0.01271   0.03537
   144/299     1.63G   0.03512  0.005378  0.001603    0.0421        13       640    0.9098    0.9323    0.9426    0.5568   0.05057   0.01022   0.03525
   145/299     1.63G   0.03524  0.005336  0.001454   0.04203        18       640    0.9275    0.8983    0.9431    0.5772   0.04766   0.01007   0.03576
   146/299     1.63G   0.03503  0.005412  0.001245   0.04169        22       640     0.914    0.9047    0.9407     0.574   0.04693   0.01001   0.03598
   147/299     1.63G   0.03526  0.005321  0.001623    0.0422        23       640    0.8012    0.7983    0.8391    0.4576   0.05656   0.01194   0.03459
   148/299     1.63G   0.03575  0.005469  0.001548   0.04277        13       640    0.9195    0.8766    0.9219    0.5353   0.05046   0.01026   0.03378
   149/299     1.63G   0.03479  0.005415  0.001658   0.04186        19       640    0.9469    0.8868    0.9393    0.6037   0.04773   0.01005   0.03528
   150/299     1.63G    0.0354    0.0055  0.001803   0.04271        12       640    0.9336    0.8756    0.9469     0.595   0.04773  0.009992   0.03685
   151/299     1.63G    0.0351  0.005302  0.001308   0.04171         9       640    0.9246    0.9233    0.9452    0.5982    0.0476  0.009819   0.03586
   152/299     1.63G   0.03545  0.005463  0.002082   0.04299        14       640    0.9313    0.8866    0.9297    0.5879   0.04908   0.01001   0.03459
   153/299     1.63G   0.03591  0.005336  0.001808   0.04305        16       640    0.9241    0.9076    0.9425    0.5969   0.04743  0.009953   0.03523
   154/299     1.63G   0.03486  0.005391  0.001411   0.04166         8       640    0.9373    0.8983    0.9419    0.6021   0.04815    0.0098   0.03425
   155/299     1.63G   0.03474  0.005329  0.001703   0.04178         6       640    0.9498    0.8845    0.9399    0.5933   0.04767  0.009971    0.0348
   156/299     1.63G   0.03454  0.005203  0.001645   0.04139         4       640    0.9454    0.9016    0.9467     0.589   0.04807   0.01021   0.03484
   157/299     1.63G    0.0351  0.005392  0.001846   0.04234        24       640    0.9005    0.9243    0.9389     0.578    0.0491   0.01008   0.03405
   158/299     1.63G   0.03452  0.005297  0.001512   0.04133        18       640    0.9173    0.8706     0.925    0.5715   0.04996   0.01038   0.03444
   159/299     1.63G   0.03434  0.005396  0.001546   0.04129        12       640    0.9408    0.8981    0.9366    0.6021   0.04938  0.009821   0.03445
   160/299     1.63G   0.03467   0.00529    0.0017   0.04166        21       640    0.9082    0.9043    0.9253    0.5637   0.05095   0.01011   0.03371
   161/299     1.63G   0.03393  0.005303  0.002004   0.04123        18       640    0.8517    0.9076    0.9263    0.5408   0.05098   0.01107   0.03419
   162/299     1.63G   0.03514   0.00539  0.001714   0.04224        12       640    0.9239    0.9227    0.9457    0.6034   0.04767  0.009874   0.03415
   163/299     1.63G   0.03462  0.005313  0.001697   0.04163        10       640    0.8701    0.8969    0.9261    0.5269   0.05316   0.01028    0.0334
   164/299     1.63G   0.03431  0.005339  0.001341   0.04099        24       640    0.9335    0.8868    0.9387    0.5932   0.04805   0.01002    0.0342
   165/299     1.63G   0.03512  0.005411  0.001404   0.04193        21       640    0.9347    0.8965    0.9435    0.6056   0.04745  0.009952   0.03455
   166/299     1.63G   0.03489  0.005259  0.001561   0.04171         9       640    0.8822    0.8895    0.9138    0.5354   0.05195   0.01037   0.03365
   167/299     1.63G   0.03478   0.00541  0.001655   0.04185        22       640    0.9114    0.9099    0.9429    0.5863   0.04908   0.00966   0.03438
   168/299     1.63G   0.03387  0.005283  0.001455   0.04061        15       640    0.9169    0.8628    0.9253    0.5471   0.05169   0.01094   0.03386
   169/299     1.63G   0.03375  0.005103  0.001327   0.04018        13       640    0.9157    0.9059    0.9472    0.5936   0.04722  0.009939   0.03432
   170/299     1.63G   0.03432  0.005384  0.001938   0.04165        16       640    0.9169    0.8438    0.9203    0.5424   0.05057   0.01077   0.03391
   171/299     1.63G   0.03458  0.005382  0.001411   0.04137         9       640    0.9346    0.8897    0.9335    0.5643   0.04857  0.009883   0.03435
   172/299     1.63G   0.03448  0.005244  0.001622   0.04135         9       640     0.916    0.9156    0.9449    0.5953   0.04816  0.009864   0.03482
   173/299     1.63G   0.03439  0.005252  0.001682   0.04133         9       640    0.9303    0.9134    0.9484    0.5956   0.04805  0.009902   0.03483
   174/299     1.63G    0.0336  0.005297  0.001387   0.04029        10       640    0.9381    0.9007     0.945    0.5916   0.04669   0.01012   0.03533
   175/299     1.63G   0.03349  0.005229  0.001311   0.04003        26       640    0.9299    0.9179    0.9508    0.6117   0.04715  0.009899   0.03527
   176/299     1.63G   0.03369   0.00522  0.001505   0.04041        14       640    0.9451    0.9196    0.9495    0.5892    0.0471  0.009858   0.03496
   177/299     1.63G   0.03366  0.005231  0.001283   0.04018        14       640    0.9511    0.9092    0.9489    0.5966   0.04768  0.009785   0.03404
   178/299     1.63G   0.03368  0.005129  0.001042   0.03985         9       640    0.9507    0.9324    0.9522    0.6054   0.04655  0.009855   0.03458
   179/299     1.63G   0.03383  0.005186  0.001558   0.04058        13       640    0.9262    0.9265    0.9475     0.599   0.04639  0.009967   0.03457
   180/299     1.63G   0.03329  0.005348  0.001394   0.04004         5       640    0.9183    0.9204    0.9486    0.5612   0.04904   0.00975   0.03301
   181/299     1.63G   0.03294  0.005201  0.001383   0.03952        10       640    0.9366    0.9205    0.9535    0.6084   0.04649  0.009674   0.03485
   182/299     1.63G   0.03372  0.005352  0.001203   0.04027        14       640     0.946     0.868    0.9358    0.5734   0.04769   0.01071   0.03511
   183/299     1.63G   0.03356  0.005238  0.001552   0.04035        24       640    0.9313    0.9289    0.9528    0.6167     0.047  0.009724   0.03359
   184/299     1.63G   0.03312  0.005128  0.001083   0.03933        16       640    0.9426    0.9314    0.9493    0.6158    0.0464  0.009818   0.03429
   185/299     1.63G   0.03361  0.005165  0.001637   0.04041        17       640    0.9275    0.9218    0.9444    0.5999    0.0466  0.009889   0.03419
   186/299     1.63G   0.03324  0.005229  0.001796   0.04026        22       640    0.9011    0.9309    0.9466    0.5795    0.0477  0.009947   0.03357
   187/299     1.63G   0.03379  0.005339  0.001629   0.04076        31       640    0.9429    0.9324    0.9529    0.6182   0.04621  0.009768   0.03517
   188/299     1.63G   0.03325  0.005246  0.001226   0.03972        11       640    0.9503    0.9128    0.9474    0.6064   0.04751  0.009656   0.03439
   189/299     1.63G    0.0329  0.005188  0.001351   0.03944        10       640    0.9445    0.9301    0.9517    0.6163   0.04726  0.009637   0.03402
   190/299     1.63G   0.03282  0.005262  0.001462   0.03954        10       640    0.9598    0.9136    0.9552    0.6212   0.04705  0.009662   0.03421
   191/299     1.63G   0.03309  0.005077  0.001097   0.03926        24       640    0.9488     0.916    0.9532    0.6122   0.04591   0.01006   0.03457
   192/299     1.63G    0.0327  0.005248  0.001327   0.03928        21       640    0.9544    0.9275    0.9535    0.6223    0.0464  0.009832   0.03444
   193/299     1.63G   0.03306  0.005187   0.00175      0.04         5       640    0.9532    0.9234    0.9535    0.6163   0.04683  0.009712   0.03514
   194/299     1.63G   0.03322  0.005172   0.00176   0.04016        12       640    0.9294    0.9266    0.9503    0.5925   0.04802  0.009694   0.03348
   195/299     1.63G    0.0327  0.005148  0.001233   0.03908        11       640    0.9246    0.9312    0.9562     0.617   0.04592  0.009867   0.03495
   196/299     1.63G   0.03308  0.005209   0.00149   0.03978         8       640    0.9066    0.9283    0.9415    0.5998   0.04596   0.01035   0.03444
   197/299     1.63G   0.03268  0.005179  0.001366   0.03922        10       640     0.924    0.9399    0.9534    0.5952   0.04789  0.009724   0.03354
   198/299     1.63G   0.03226  0.005161  0.001221   0.03864        11       640    0.9464    0.9155    0.9472    0.6024   0.04752  0.009672   0.03377
   199/299     1.63G   0.03237  0.005213  0.001073   0.03866        14       640     0.939    0.8951     0.939    0.6167   0.04742  0.009629   0.03435
   200/299     1.63G   0.03258    0.0053  0.001388   0.03927        16       640    0.9269    0.9211    0.9429    0.6107   0.04765  0.009568   0.03457
   201/299     1.63G   0.03286  0.005207  0.001685   0.03975        13       640    0.9513    0.8935    0.9396    0.5854   0.04832  0.009668   0.03385
   202/299     1.63G     0.033  0.005062  0.001309   0.03937        10       640    0.9367    0.9279    0.9508    0.6127   0.04698  0.009674   0.03416
   203/299     1.63G   0.03279  0.005085  0.001117   0.03899        16       640    0.9309    0.9324    0.9542    0.6175   0.04673  0.009712   0.03439
   204/299     1.63G   0.03349  0.004945  0.001319   0.03976        12       640    0.9287    0.9421    0.9541    0.6016   0.04782  0.009644   0.03385
   205/299     1.63G   0.03216  0.005223  0.001408   0.03879         9       640    0.9382    0.9445    0.9562    0.6142   0.04801  0.009644   0.03339
   206/299     1.63G   0.03251  0.005293  0.001362   0.03917        15       640    0.9272    0.9338    0.9528     0.616   0.04771  0.009672   0.03314
   207/299     1.63G   0.03214  0.005294  0.001498   0.03894        11       640    0.9222    0.9382    0.9526    0.6145   0.04719  0.009599   0.03349
   208/299     1.63G   0.03232  0.005081  0.001027   0.03843        18       640    0.9325    0.9321    0.9519    0.6175   0.04723  0.009604   0.03395
   209/299     1.63G   0.03241  0.005194  0.001353   0.03896        13       640    0.9282    0.9359    0.9508    0.6165   0.04786  0.009539    0.0334
   210/299     1.63G   0.03202  0.005295  0.001216   0.03853        13       640    0.9408    0.8963    0.9388     0.605   0.04648   0.01015   0.03443
   211/299     1.63G   0.03226  0.005268 0.0009864   0.03852        23       640    0.9251    0.9179     0.944    0.6126   0.04615  0.009827   0.03398
   212/299     1.63G   0.03242  0.005189  0.001534   0.03914        18       640    0.9577    0.9053    0.9502    0.6188   0.04671  0.009626   0.03342
   213/299     1.63G   0.03218  0.005164  0.001278   0.03862        18       640    0.9663    0.9027    0.9516    0.6205   0.04685   0.00961   0.03312
   214/299     1.63G   0.03241    0.0052   0.00107   0.03868        16       640    0.9272    0.9294    0.9494    0.6222    0.0463  0.009744    0.0338
   215/299     1.63G   0.03266  0.005057  0.001426   0.03914        19       640    0.9442    0.9291    0.9534    0.6164   0.04754  0.009703   0.03286
   216/299     1.63G    0.0324   0.00514  0.001385   0.03892        22       640    0.9351    0.9272      0.95    0.6111   0.04775  0.009657   0.03317
   217/299     1.63G   0.03236  0.005139 0.0009091   0.03841        12       640    0.9369    0.9233    0.9483    0.6243   0.04629  0.009762    0.0342
   218/299     1.63G   0.03195  0.005157  0.001186    0.0383        11       640    0.9111    0.9417    0.9518    0.6272   0.04719  0.009638   0.03336
   219/299     1.63G   0.03184  0.005029  0.001129     0.038        11       640    0.9374    0.9328    0.9559    0.6268   0.04653  0.009686   0.03386
   220/299     1.63G   0.03156  0.004926  0.001075   0.03757        14       640    0.9357    0.9369    0.9556    0.6228   0.04639  0.009716   0.03356
   221/299     1.63G   0.03219  0.005165  0.001295   0.03865        19       640    0.9336    0.9413    0.9554    0.6193   0.04706  0.009583   0.03357
   222/299     1.63G   0.03218  0.005198  0.001101   0.03848        28       640    0.9371    0.9336    0.9535    0.6201   0.04623  0.009646   0.03386
   223/299     1.63G   0.03207  0.005116   0.00124   0.03843        21       640    0.9594    0.9224    0.9555    0.6208   0.04625  0.009701   0.03366
   224/299     1.63G   0.03187  0.005101  0.001032   0.03801        12       640    0.9478    0.9338    0.9554    0.6245   0.04606  0.009663   0.03332
   225/299     1.63G   0.03191  0.005079  0.001099   0.03809        23       640    0.9561    0.9235     0.955    0.6209   0.04679   0.00956   0.03275
   226/299     1.63G   0.03186  0.004997  0.001031   0.03789        17       640    0.9542    0.9338    0.9566    0.6263   0.04611  0.009613   0.03331
   227/299     1.63G   0.03214  0.005123  0.001086   0.03835        14       640    0.9516    0.9323     0.956    0.6247   0.04639  0.009587    0.0333
   228/299     1.63G    0.0317   0.00519  0.000931   0.03782        20       640    0.9591    0.9164     0.954    0.6219   0.04714   0.00957   0.03301
   229/299     1.63G   0.03154    0.0051  0.001079   0.03772        14       640    0.9412    0.9408    0.9551    0.6237    0.0469  0.009514   0.03327
   230/299     1.63G   0.03106  0.005046 0.0009363   0.03705        15       640    0.9422    0.9337    0.9545    0.6256   0.04588  0.009593   0.03401
   231/299     1.63G   0.03204  0.005071   0.00114   0.03825        12       640    0.9454    0.9322    0.9536    0.6223   0.04564  0.009638   0.03403
   232/299     1.63G   0.03161  0.005001 0.0009059   0.03752        12       640    0.9482    0.9238    0.9539    0.6226   0.04569  0.009588   0.03385
   233/299     1.63G   0.03116  0.005102  0.001235    0.0375         9       640    0.9507    0.9292    0.9536    0.6196   0.04608  0.009567   0.03341
   234/299     1.63G   0.03109  0.005091 0.0009837   0.03717        18       640    0.9511    0.9303    0.9565    0.6207   0.04597  0.009568   0.03325
   235/299     1.63G   0.03129   0.00505  0.001105   0.03745        18       640    0.9485    0.9303    0.9542    0.6246   0.04575  0.009585   0.03312
   236/299     1.63G   0.03151  0.005091  0.001404   0.03801        22       640    0.9475    0.9273     0.954    0.6241    0.0449  0.009684   0.03385
   237/299     1.63G   0.03098  0.005016  0.001302   0.03729         9       640    0.9439    0.9276    0.9538    0.6233   0.04539  0.009689   0.03355
   238/299     1.63G    0.0315  0.005113  0.001196   0.03781        12       640    0.9413     0.932    0.9557    0.6215   0.04475  0.009728   0.03408
   239/299     1.63G    0.0312  0.004986  0.001116    0.0373        11       640     0.935    0.9412    0.9549    0.6229   0.04476  0.009698   0.03419
   240/299     1.63G   0.03127    0.0051  0.001436    0.0378        16       640    0.9427     0.931    0.9552    0.6244   0.04507  0.009737   0.03372
   241/299     1.63G   0.03124  0.005052   0.00148   0.03777        23       640    0.9545    0.9164    0.9547    0.6279   0.04523  0.009727   0.03339
   242/299     1.63G   0.03103  0.004951  0.001234   0.03722        17       640    0.9349    0.9344    0.9549    0.6292   0.04508  0.009692   0.03348
   243/299     1.63G   0.03153  0.005043  0.001171   0.03774        12       640     0.927    0.9407    0.9553    0.6222   0.04506  0.009715   0.03345
   244/299     1.63G   0.03159  0.005086  0.001226    0.0379        13       640    0.9404     0.938    0.9558    0.6221    0.0448  0.009741   0.03381
   245/299     1.63G    0.0306  0.004985 0.0008021   0.03639        10       640    0.9398    0.9208    0.9521    0.6259   0.04463  0.009722     0.034
   246/299     1.63G   0.03106  0.005188  0.001134   0.03738        19       640    0.9325    0.9371    0.9533    0.6241   0.04448  0.009754   0.03406
   247/299     1.63G   0.03155  0.005079 0.0008697   0.03749         6       640    0.9385    0.9241    0.9541    0.6228   0.04513  0.009754   0.03353
   248/299     1.63G   0.03097  0.005037  0.001081   0.03709        13       640    0.9499    0.9153    0.9543    0.6211   0.04503   0.00973   0.03345
   249/299     1.63G   0.03103  0.005182  0.001286    0.0375        17       640    0.9399    0.9231    0.9528    0.6261   0.04497  0.009691   0.03346
   250/299     1.63G   0.03143  0.005055  0.001391   0.03788         9       640    0.9628    0.9022    0.9536    0.6214   0.04519  0.009698   0.03361
   251/299     1.63G   0.03154  0.004943  0.001276   0.03776        14       640    0.9629    0.9125    0.9532     0.629     0.045  0.009662   0.03384
   252/299     1.63G   0.03157   0.00501  0.001132   0.03772         9       640    0.9593    0.9161    0.9532    0.6237   0.04486  0.009676   0.03416
   253/299     1.63G   0.03124  0.005197  0.001363    0.0378        25       640     0.946    0.9221    0.9564    0.6216   0.04504  0.009681    0.0341
   254/299     1.63G   0.03077  0.005057 0.0009132   0.03674        30       640    0.9388    0.9281    0.9554    0.6208   0.04537  0.009719   0.03403
   255/299     1.63G   0.03094  0.004922 0.0009453   0.03681        17       640    0.9536    0.9214    0.9562    0.6278   0.04527  0.009717   0.03405
   256/299     1.63G   0.03091  0.004941   0.00158   0.03744         7       640    0.9549    0.9203    0.9564    0.6311   0.04519  0.009704   0.03405
   257/299     1.63G   0.03107   0.00504  0.001315   0.03742        17       640    0.9627     0.915    0.9568    0.6281   0.04516  0.009702   0.03388
   258/299     1.63G   0.03087  0.005061  0.001285   0.03721        32       640    0.9509    0.9344    0.9598    0.6293    0.0451  0.009701   0.03378
   259/299     1.63G   0.03037   0.00511  0.001049   0.03653        24       640    0.9451    0.9426    0.9615    0.6303   0.04479  0.009708   0.03393
   260/299     1.63G   0.03051  0.005054 0.0009054   0.03647        14       640    0.9362    0.9479    0.9614    0.6338   0.04466  0.009708   0.03399
   261/299     1.63G   0.03119  0.004988  0.001178   0.03736        19       640    0.9447    0.9423    0.9616    0.6273    0.0445   0.00973   0.03397
   262/299     1.63G   0.03073  0.004932  0.001191   0.03685        11       640    0.9499    0.9329    0.9617    0.6284   0.04457  0.009737   0.03395
   263/299     1.63G   0.03085  0.005022  0.001415   0.03729        10       640    0.9467    0.9399    0.9628    0.6264   0.04464  0.009739   0.03399
   264/299     1.63G   0.03107  0.005064  0.001237   0.03737        29       640    0.9395     0.945    0.9626      0.63   0.04488  0.009726   0.03385
   265/299     1.63G    0.0303  0.005129  0.001555   0.03699        23       640    0.9485    0.9327    0.9587    0.6259   0.04481  0.009732   0.03383
   266/299     1.63G   0.03078   0.00509   0.00149   0.03736        11       640    0.9393    0.9418    0.9587    0.6307   0.04471  0.009739   0.03381
   267/299     1.63G   0.03063  0.004942  0.001044   0.03662         9       640    0.9506    0.9298    0.9588    0.6278    0.0445  0.009759    0.0339
   268/299     1.63G    0.0303  0.005059  0.001384   0.03675        11       640    0.9526    0.9276     0.959    0.6296   0.04442  0.009745   0.03392
   269/299     1.63G    0.0304  0.004893 0.0008485   0.03614        12       640    0.9519    0.9276    0.9592    0.6285    0.0446  0.009719   0.03386
   270/299     1.63G   0.03067  0.005035 0.0008822   0.03659        11       640    0.9529    0.9293    0.9616    0.6295    0.0447  0.009702   0.03383
   271/299     1.63G   0.03095  0.004996  0.001065   0.03701        13       640     0.935    0.9478    0.9617    0.6303   0.04474  0.009686   0.03381
   272/299     1.63G   0.03032  0.004884  0.001043   0.03625        19       640    0.9428    0.9455    0.9591    0.6332   0.04476  0.009676   0.03383
   273/299     1.63G   0.03069  0.005049  0.001425   0.03716        13       640    0.9438    0.9444    0.9592    0.6316   0.04482  0.009659   0.03383
   274/299     1.63G   0.03036   0.00517 0.0009691    0.0365        11       640    0.9473    0.9394    0.9593    0.6324   0.04491  0.009649   0.03378
   275/299     1.63G   0.03042  0.005019  0.001158    0.0366         7       640    0.9626    0.9274     0.959    0.6298   0.04495  0.009629   0.03376
   276/299     1.63G   0.03011  0.005102  0.001244   0.03646        14       640    0.9544    0.9344     0.959     0.631   0.04501  0.009607   0.03371
   277/299     1.63G   0.03068  0.005164  0.001031   0.03688        28       640    0.9524     0.932    0.9565    0.6335   0.04499  0.009608   0.03369
   278/299     1.63G    0.0309  0.004894  0.001125   0.03692         7       640    0.9512    0.9338    0.9564    0.6344   0.04495   0.00962   0.03366
   279/299     1.63G    0.0303  0.004794  0.001012   0.03611        17       640      0.95    0.9321    0.9562    0.6316   0.04488   0.00962   0.03365
   280/299     1.63G   0.03106  0.005061  0.001225   0.03734         8       640     0.952    0.9308    0.9561    0.6315    0.0448  0.009614   0.03363
   281/299     1.63G    0.0307  0.005003  0.001288   0.03699         9       640    0.9495    0.9326    0.9556    0.6311   0.04484  0.009626   0.03357
   282/299     1.63G   0.02999  0.004861 0.0009249   0.03578        14       640     0.951    0.9311    0.9574      0.63   0.04487  0.009622   0.03354
   283/299     1.63G   0.03042  0.005034  0.001167   0.03663        16       640    0.9503    0.9329    0.9581    0.6289   0.04491  0.009615   0.03352
   284/299     1.63G    0.0303  0.005096 0.0007711   0.03617        15       640    0.9513     0.933    0.9559    0.6306   0.04477  0.009609   0.03358
   285/299     1.63G   0.03086  0.005146  0.001027   0.03703        11       640    0.9573     0.928     0.956    0.6307   0.04478  0.009602   0.03362
   286/299     1.63G   0.03094  0.004922  0.001033   0.03689        12       640    0.9496     0.935    0.9561    0.6306   0.04478  0.009596   0.03365
   287/299     1.63G   0.02999  0.005002  0.001272   0.03626        11       640    0.9543    0.9301    0.9559    0.6299   0.04481  0.009592   0.03367
   288/299     1.63G   0.03051  0.004901  0.001308   0.03672        12       640    0.9582    0.9285    0.9557    0.6306   0.04475  0.009592   0.03375
   289/299     1.63G   0.03075  0.005108  0.001229   0.03708        10       640    0.9532    0.9327    0.9556    0.6304   0.04477  0.009588   0.03376
   290/299     1.63G   0.03045  0.004984  0.001125   0.03656        18       640    0.9577    0.9293    0.9579    0.6312   0.04496  0.009583   0.03368
   291/299     1.63G   0.03001  0.004926  0.001005   0.03594        11       640    0.9579    0.9282    0.9577    0.6289   0.04509   0.00958   0.03364
   292/299     1.63G   0.03022  0.005022  0.001086   0.03633         9       640    0.9579    0.9287    0.9577    0.6301   0.04512  0.009576   0.03364
   293/299     1.63G   0.03027  0.004987  0.000793   0.03605        13       640    0.9574    0.9287    0.9577    0.6291   0.04513   0.00958   0.03365
   294/299     1.63G   0.03047  0.005117  0.001399   0.03699        36       640    0.9584    0.9266    0.9579    0.6317   0.04523  0.009579   0.03359
   295/299     1.63G    0.0309  0.005143 0.0009883   0.03703        10       640     0.956    0.9294     0.958    0.6314   0.04522  0.009579   0.03358
   296/299     1.63G   0.03037  0.005044  0.001161   0.03658        27       640    0.9547    0.9279    0.9578    0.6313   0.04526  0.009579   0.03354
   297/299     1.63G   0.03015  0.005038  0.001149   0.03633        19       640    0.9555    0.9276    0.9578    0.6321   0.04526  0.009578   0.03355
   298/299     1.63G   0.03046  0.004925  0.001016    0.0364         8       640    0.9384    0.9483    0.9581    0.6304   0.04519  0.009575   0.03358
   299/299     1.63G   0.03051  0.005013  0.001072   0.03659        15       640    0.9386    0.9482    0.9583    0.6301   0.04509  0.009575   0.03363
