     0/199     1.77G   0.09261  0.008073   0.02866    0.1293        19       640    0.7516   0.01858 0.0004749  9.78e-05       0.1  0.006391   0.02699
     1/199     11.6G   0.08687  0.003981   0.02191    0.1128        12       640    0.1488   0.01565  0.008507   0.00152   0.09198  0.007876   0.02436
     2/199     13.9G   0.08083  0.004237   0.02048    0.1055        20       640    0.3241   0.01425   0.01375  0.003918   0.09797  0.007011   0.02729
     3/199     13.9G   0.07698  0.004329    0.0193    0.1006        20       640   0.00862   0.07506  0.002172 0.0004608   0.09136  0.007747   0.02588
     4/199       14G   0.07304  0.004213   0.01894   0.09619         8       640 7.905e-06  0.006098 4.789e-07 4.789e-08   0.09122  0.007247   0.02727
     5/199       14G   0.07077  0.004211   0.01737   0.09235        24       640 6.972e-05 0.0001168 4.309e-07 2.154e-07   0.09482   0.00701    0.0285
     6/199       14G   0.07008  0.004083   0.01705   0.09121         7       640    0.6476   0.01008  0.005702  0.001587   0.09331  0.007624   0.03498
     7/199       14G    0.0695  0.004015   0.01702   0.09054        10       640         0         0         0         0     0.118  0.008963     4.861
     8/199       14G    0.0807  0.003696   0.01972    0.1041         6       640    0.1309  0.003855 0.0009377 0.0005793    0.1047  0.007707   0.03577
     9/199       14G   0.07505  0.003922   0.01777   0.09674        20       640    0.8855   0.02009  0.003597 0.0007282   0.08647  0.008107   0.02639
    10/199       14G   0.07191  0.004013   0.01614   0.09206        15       640    0.9263   0.06157   0.06324   0.01647   0.07981  0.007666   0.02427
    11/199       14G   0.06844   0.00415   0.01472   0.08731        13       640    0.6911     0.105   0.07325   0.01949   0.07867  0.007289   0.02437
    12/199       14G   0.06857  0.004145   0.01419    0.0869        11       640    0.9476    0.1639    0.1851   0.06756   0.07851  0.007521   0.02412
    13/199       14G   0.06861  0.003848    0.0148   0.08726        22       640    0.7946    0.1886    0.1984   0.07894   0.07844   0.00716   0.02352
    14/199       14G   0.06354  0.004026   0.01274    0.0803        16       640    0.7646     0.316    0.3124    0.1291   0.07799  0.006802   0.02294
    15/199       14G   0.06334  0.003897   0.01236   0.07959        13       640    0.5114    0.3442    0.3581     0.148   0.07425  0.007222   0.02159
    16/199       14G   0.06146  0.004201    0.0117   0.07736        16       640    0.9033    0.3291    0.4108    0.1931   0.07344  0.007302   0.02345
    17/199       14G   0.06332  0.004016   0.01171   0.07904        17       640    0.8847    0.3161    0.3273    0.1534   0.07906   0.00699   0.02797
    18/199       14G    0.0635   0.00414   0.01246    0.0801        23       640  0.004167  0.009463  0.002217 0.0004689   0.08849  0.008977   0.03156
    19/199       14G     0.066  0.004099   0.01344   0.08354        12       640    0.8725    0.2761    0.2824    0.1169   0.07612  0.007353   0.02477
    20/199       14G   0.06465  0.004034   0.01172    0.0804        19       640    0.8425    0.3687    0.4128    0.1913   0.07463  0.007211   0.02249
    21/199       14G    0.0662  0.003998   0.01189   0.08209        13       640     0.845    0.3958    0.3776    0.1875    0.0732  0.007099     0.021
    22/199       14G   0.06189  0.003981   0.01096   0.07683        14       640    0.6724     0.416    0.4226    0.2074   0.07325  0.007175   0.02078
    23/199       14G   0.06015  0.003967  0.009331   0.07345         9       640    0.9036    0.4021    0.4345      0.22   0.07291   0.00668    0.0209
    24/199       14G   0.05776  0.003892  0.009462   0.07111        13       640    0.9452    0.4146    0.4595     0.214   0.06983  0.006783   0.01975
    25/199       14G   0.05958  0.003965  0.009139   0.07268        14       640    0.6274    0.4275    0.4441     0.211     0.071  0.006801   0.02066
    26/199       14G   0.05871  0.003894  0.007915   0.07052        13       640    0.8036    0.4414    0.4814    0.2297   0.06925  0.006513   0.02083
    27/199       14G   0.05878  0.003873  0.008477   0.07113        16       640     0.673    0.5438    0.5545    0.2701   0.06749  0.006454   0.02097
    28/199       14G   0.05771   0.00399  0.008352   0.07006        17       640     0.766    0.5177    0.5532    0.2767   0.06819  0.006332   0.02148
    29/199       14G   0.05928  0.004067  0.008083   0.07143        40       640    0.7849    0.5726    0.6272     0.302   0.06664  0.006196   0.01984
    30/199       14G   0.05766    0.0039  0.007209   0.06877        11       640    0.7818    0.6238    0.6698    0.3336   0.06644  0.006043   0.02009
    31/199       14G   0.05597   0.00383   0.00756   0.06736        19       640    0.7979    0.6151    0.6471    0.3462   0.06594  0.006087   0.01979
    32/199       14G   0.05558  0.003801   0.00745   0.06684        24       640      0.79    0.6245    0.6748      0.36   0.06598  0.006057   0.01871
    33/199       14G   0.05432  0.003849  0.006472   0.06464        10       640    0.8102    0.5858    0.6573    0.3264   0.06498  0.006179   0.01828
    34/199       14G   0.05364  0.003786  0.006744   0.06417        29       640    0.6755    0.5828    0.6019    0.3067   0.06536  0.006669   0.01856
    35/199       14G   0.05321  0.003786  0.006875   0.06388        13       640    0.9028    0.6238    0.6938    0.3736   0.06475  0.006107   0.01764
    36/199       14G   0.05502  0.003713   0.00706   0.06579        23       640    0.8456    0.6313     0.689    0.3452   0.06499  0.006371   0.01906
    37/199       14G   0.05299  0.003647  0.006262    0.0629        13       640    0.8931    0.6215    0.7864    0.4157   0.06279  0.006244   0.01864
    38/199       14G   0.05125  0.003816  0.006034    0.0611        11       640    0.9045    0.6283    0.7702    0.4072   0.06227  0.006098   0.01745
    39/199       14G    0.0524  0.003654  0.005901   0.06196        15       640    0.8185    0.7263    0.7806    0.4259   0.06198  0.005917   0.01718
    40/199       14G   0.05283  0.003656  0.006103   0.06259        15       640    0.9016    0.5677    0.7471    0.3896   0.06091  0.006113   0.01612
    41/199       14G   0.05068  0.003717  0.006036   0.06043        15       640    0.8338    0.6433    0.7752    0.4144   0.06079   0.00608   0.01618
    42/199       14G   0.05093  0.003538  0.005917   0.06038        16       640    0.8061    0.7203    0.7504    0.3927   0.05944  0.006235   0.01648
    43/199       14G   0.05109  0.003594  0.005755   0.06044        18       640    0.8152     0.653    0.7545    0.4106   0.06111  0.005973   0.01608
    44/199       14G   0.04858  0.003645  0.005584    0.0578         7       640    0.6943    0.8469    0.8328    0.4607   0.05832  0.005849   0.01544
    45/199       14G   0.05149  0.003563  0.005749    0.0608        24       640    0.7968    0.7934    0.8472     0.452   0.05862  0.005632   0.01575
    46/199       14G   0.05013  0.003633  0.005293   0.05906        17       640    0.7693    0.7908    0.8412    0.4742   0.05869  0.005747   0.01579
    47/199       14G   0.04926   0.00343   0.00546   0.05815        16       640    0.8149    0.7883    0.8462    0.4637   0.05878  0.005738    0.0152
    48/199       14G   0.04816  0.003461  0.004818   0.05644        26       640     0.762    0.8559    0.8773    0.4954   0.05742  0.005582   0.01571
    49/199       14G   0.04945  0.003617  0.005026   0.05809        19       640    0.7963    0.8319    0.8726     0.483   0.05772  0.005729   0.01454
    50/199       14G   0.04824  0.003525  0.005052   0.05682        24       640    0.8401    0.7676    0.8831    0.4828   0.05785  0.005721   0.01406
    51/199       14G   0.04811  0.003518  0.004795   0.05642        11       640    0.8813    0.8188    0.8946    0.5028   0.05697  0.005481   0.01481
    52/199       14G   0.04852  0.003454  0.004819   0.05679         7       640    0.7248    0.8151    0.8345    0.4351   0.05716  0.005865   0.01344
    53/199       14G   0.05036  0.003543  0.005284   0.05919        16       640    0.7094    0.6877    0.7442     0.374   0.06401  0.007243   0.01717
    54/199       14G   0.04565  0.003427  0.004322    0.0534        14       640    0.7536    0.5956    0.6898    0.3757   0.05963   0.00675   0.01449
    55/199       14G   0.04694  0.003448  0.004459   0.05485        11       640    0.9147    0.8339    0.9211    0.4919   0.05579  0.005751   0.01264
    56/199       14G   0.04598  0.003423  0.004377   0.05378        12       640    0.8537    0.7942    0.8759     0.472    0.0578  0.006238   0.01508
    57/199       14G   0.04642   0.00333  0.004628   0.05438        11       640     0.901    0.7233    0.8441    0.4859   0.05725  0.005641    0.0134
    58/199       14G   0.04804  0.003395    0.0042   0.05564        17       640    0.8706    0.8075     0.883    0.4983   0.05703  0.005613   0.01373
    59/199       14G   0.04872  0.003406  0.004731   0.05686         8       640    0.8756    0.8145    0.8925    0.4999   0.05613  0.005357   0.01156
    60/199       14G   0.04573  0.003474  0.004282   0.05348        13       640    0.8845     0.791    0.8716    0.4783   0.05614  0.005803   0.01432
    61/199       14G   0.04716   0.00339  0.004481   0.05503        47       640    0.8408     0.527    0.7018    0.3518   0.06258  0.007558    0.0155
    62/199       14G   0.04554  0.003353  0.004075   0.05297        23       640    0.9102    0.8838    0.9279    0.5371   0.05464  0.005633   0.01149
    63/199       14G   0.04751  0.003418  0.004642   0.05557        24       640    0.8255    0.8194    0.8526    0.4453   0.05797  0.005841    0.0137
    64/199       14G   0.04537  0.003263  0.003883   0.05252        12       640    0.9027    0.8387    0.9165    0.5383   0.05437   0.00575   0.01115
    65/199       14G   0.04643  0.003472  0.003735   0.05364        14       640     0.913    0.7829    0.8847    0.5087   0.05647  0.006351   0.01189
    66/199       14G     0.043  0.003328  0.003284   0.04961        26       640    0.9213    0.8463    0.9294    0.5252   0.05453  0.005522   0.01068
    67/199       14G   0.04411  0.003364   0.00369   0.05116        12       640    0.8884    0.8888    0.9277      0.56   0.05455   0.00559    0.0113
    68/199       14G   0.04294  0.003338  0.003644   0.04992        19       640    0.8941    0.8873    0.9302    0.5816   0.05543  0.005357   0.01284
    69/199       14G   0.04378  0.003389  0.003772   0.05094        31       640    0.8806    0.7238    0.8418     0.444   0.05672  0.006547   0.01225
    70/199       14G   0.04376  0.003238   0.00392   0.05092        31       640    0.8685    0.9042    0.9341    0.5449   0.05333  0.005468    0.0119
    71/199       14G   0.04517  0.003342  0.004103   0.05261        18       640    0.9154    0.8811    0.9235    0.5442   0.05511   0.00562   0.01077
    72/199       14G   0.04356   0.00321  0.003673   0.05044         4       640    0.9039    0.8542    0.9345     0.527   0.05394  0.005465   0.01083
    73/199       14G    0.0427  0.003237  0.003282   0.04922        16       640    0.9125    0.8674    0.9269    0.5579   0.05383  0.005516   0.01109
    74/199       14G   0.04438  0.003345   0.00361   0.05134        14       640    0.9222    0.8926    0.9392    0.5812   0.05193  0.005412  0.009879
    75/199       14G   0.04385  0.003287  0.003752   0.05089        15       640    0.8493    0.8179    0.8659    0.4812   0.05627  0.006056   0.01283
    76/199       14G   0.04414  0.003323  0.003879   0.05134        15       640    0.9116     0.928    0.9336    0.5557   0.05293  0.005584   0.01309
    77/199       14G   0.04438  0.003276  0.003663   0.05132        43       640    0.9068    0.8855    0.9228    0.5384   0.05156  0.006243  0.009996
    78/199       14G   0.04184  0.003327  0.003468   0.04863        14       640    0.9406    0.8332    0.9288    0.5377    0.0522  0.006015    0.0108
    79/199       14G   0.04275  0.003321  0.003374   0.04945        18       640    0.8847    0.9077    0.9445     0.567   0.05112  0.005393   0.01035
    80/199       14G   0.04293   0.00329  0.003333   0.04955        30       640    0.7992    0.6172    0.6695    0.4002   0.05772  0.006677   0.01324
    81/199       14G   0.04164  0.003373  0.002986     0.048        17       640    0.9361    0.9029    0.9481    0.5826   0.05155  0.005432   0.01101
    82/199       14G   0.04177   0.00338  0.003053    0.0482        14       640    0.9261    0.9159    0.9435    0.5813   0.05161  0.005331   0.01066
    83/199       14G   0.04107  0.003401  0.003238   0.04771        10       640    0.9085     0.893    0.9284    0.5486   0.05097  0.005693   0.01132
    84/199       14G   0.04184  0.003276  0.003172   0.04829        31       640    0.8214    0.7759    0.8443    0.4582     0.058  0.007287    0.0149
    85/199       14G   0.04074  0.003254   0.00264   0.04664        11       640    0.9231    0.9254    0.9467    0.5798   0.05032  0.005406   0.01106
    86/199       14G   0.04137  0.003147  0.003214   0.04773        28       640    0.9184     0.925    0.9581    0.6102   0.04966  0.005435  0.009947
    87/199       14G   0.03946  0.003215  0.003183   0.04586        14       640    0.8831    0.9315    0.9428    0.5804   0.05141  0.005494   0.01071
    88/199       14G   0.04029  0.003316  0.003008   0.04661        18       640     0.917    0.8883    0.9459    0.5788   0.04951  0.005377  0.009749
    89/199       14G   0.04165  0.003328  0.002974   0.04795        21       640    0.8728    0.9198    0.9329    0.5536   0.05093  0.005804   0.01042
    90/199       14G   0.04137  0.003244  0.003127   0.04774        32       640    0.9213    0.9025    0.9424    0.5879   0.05031   0.00552   0.01015
    91/199       14G   0.04131  0.003219  0.002943   0.04747        11       640     0.919    0.8412      0.91    0.5267   0.05225  0.006136   0.01052
    92/199       14G   0.03869  0.003217  0.002693    0.0446         7       640    0.8983    0.8409    0.9288    0.5653   0.05139  0.005812    0.0101
    93/199       14G   0.04009  0.003366  0.003055   0.04651        15       640    0.9264    0.9106    0.9471    0.5889   0.04956  0.005444   0.01023
    94/199       14G   0.04235  0.003183   0.00346     0.049        12       640    0.8372    0.7577    0.8643    0.4779   0.05352  0.006965   0.01161
    95/199       14G   0.03933  0.003215  0.003054   0.04559        15       640     0.914    0.8977     0.943    0.5468   0.05012  0.005611  0.009993
    96/199       14G   0.03873   0.00321  0.003005   0.04494         4       640    0.9159    0.8323    0.9016    0.5488   0.05192  0.006183   0.01014
    97/199       14G   0.03947   0.00321  0.002814    0.0455        16       640     0.919    0.9121    0.9295    0.5686   0.05069   0.00611   0.00906
    98/199       14G   0.04039  0.003194  0.002939   0.04653        14       640    0.9173     0.823    0.9055    0.5031   0.05218  0.006023   0.01007
    99/199       14G   0.03871  0.003169  0.002704   0.04458        18       640    0.9153    0.9055    0.9405    0.5648   0.05105  0.005955  0.009189
   100/199       14G   0.03981  0.003259  0.002729    0.0458        30       640    0.9325    0.9249    0.9534    0.6027   0.04956  0.005392  0.009209
   101/199       14G   0.03974  0.003132  0.002952   0.04582        23       640    0.8975    0.8673    0.9338    0.5741   0.05036  0.005903  0.009339
   102/199       14G   0.03915   0.00323  0.003295   0.04567        13       640    0.9049     0.895    0.9334    0.5704   0.05095  0.006036  0.009874
   103/199       14G   0.03874  0.003257  0.002684   0.04468        16       640    0.9165    0.9619    0.9647    0.6126   0.04886  0.005263  0.009414
   104/199       14G     0.038  0.003145  0.002474   0.04362        10       640       0.9    0.9212    0.9389    0.5752   0.04913  0.005526  0.009514
   105/199       14G   0.03858  0.003189  0.002598   0.04437        20       640    0.9436    0.9461     0.963    0.6259   0.04843  0.005264   0.00904
   106/199       14G   0.03939  0.003132  0.002836   0.04536         9       640    0.8883    0.9164    0.9341    0.5644   0.05049  0.005657  0.008423
   107/199       14G   0.04003  0.003314  0.002879   0.04622        19       640    0.9485    0.9397    0.9578    0.6132    0.0493  0.005196  0.009331
   108/199       14G    0.0392  0.003128  0.002688   0.04502        24       640    0.8839    0.9569    0.9572    0.6176   0.04803  0.005195  0.009563
   109/199       14G    0.0381  0.003202  0.002634   0.04393        17       640    0.9191    0.9595    0.9621    0.6239   0.04798   0.00524  0.009099
   110/199       14G   0.03682  0.003186  0.002331   0.04234         6       640    0.9041    0.9325    0.9484     0.603   0.04973  0.005406   0.01001
   111/199       14G   0.03743  0.003147  0.002387   0.04296        15       640    0.9324    0.9523    0.9576    0.6082   0.04751  0.005306  0.008625
   112/199       14G   0.03666  0.003082  0.002173   0.04192        10       640     0.906    0.9275    0.9637    0.6108   0.04713  0.005337  0.008467
   113/199       14G   0.03508  0.003208  0.002207    0.0405        22       640    0.9338    0.9026    0.9549    0.5905   0.04813  0.005393   0.00996
   114/199       14G   0.03661   0.00318  0.002378   0.04216        24       640    0.9413    0.9459    0.9605    0.6151   0.04702  0.005336  0.008585
   115/199       14G   0.03759  0.003045  0.003011   0.04364         8       640    0.9287     0.932    0.9552    0.6107   0.04766  0.005381  0.007935
   116/199       14G   0.03646  0.003082  0.002522   0.04206        13       640    0.9597    0.9419    0.9684     0.644   0.04734  0.005221  0.008597
   117/199       14G    0.0375  0.003255  0.002462   0.04322        14       640    0.8822    0.8747    0.9258    0.5535    0.0477  0.006071  0.009369
   118/199       14G   0.03681  0.003193  0.002415   0.04241        18       640    0.9243    0.9441    0.9609    0.6117   0.04557   0.00552  0.008829
   119/199       14G   0.03521  0.003154  0.002227   0.04059        20       640    0.9386    0.9424    0.9584    0.6157   0.04408  0.005401  0.007573
   120/199       14G   0.03403  0.003238  0.002268   0.03953        23       640    0.9277     0.919    0.9547    0.6075   0.04668  0.005501  0.009167
   121/199       14G   0.03553  0.003119  0.002132   0.04078        24       640    0.9177      0.94    0.9548    0.6171   0.04667  0.005539  0.008563
   122/199       14G   0.03497  0.003234  0.002159   0.04036        13       640    0.9345    0.9207    0.9543    0.6286   0.04672  0.005373  0.008754
   123/199       14G   0.03529   0.00311  0.002161   0.04056        22       640    0.9311    0.9476    0.9577    0.6308     0.047  0.005378  0.008319
   124/199       14G   0.03622  0.003141   0.00237   0.04173        31       640    0.9272    0.9425    0.9566    0.6272   0.04658  0.005362  0.008294
   125/199       14G    0.0349  0.003095  0.001963   0.03996         7       640     0.935    0.9258    0.9572     0.621   0.04624  0.005392  0.007605
   126/199       14G   0.03557    0.0031  0.002335     0.041         9       640    0.9474    0.9532    0.9686     0.649   0.04536   0.00522  0.007227
   127/199       14G   0.03466  0.003106  0.002151   0.03992        30       640    0.9477    0.9452    0.9669    0.6469   0.04547  0.005341  0.008121
   128/199       14G   0.03403  0.003116  0.001926   0.03907         7       640    0.8965    0.9334    0.9603     0.634   0.04574  0.005486  0.007969
   129/199       14G    0.0373  0.003131  0.002563   0.04299        27       640     0.925    0.9181    0.9593    0.6279   0.04744  0.005512  0.008444
   130/199       14G   0.03496  0.003078  0.002127   0.04017        17       640    0.9334    0.9523     0.961    0.6341   0.04586  0.005282  0.008223
   131/199       14G   0.03481  0.003019  0.002323   0.04016        15       640    0.9376    0.9445    0.9621    0.6232   0.04567  0.005305  0.007695
   132/199       14G   0.03707  0.003014  0.002437   0.04253         3       640    0.9413    0.9455    0.9653    0.6497   0.04608  0.005243  0.008577
   133/199       14G   0.03499  0.003099  0.001995   0.04008        15       640    0.9387    0.9438    0.9664    0.6478   0.04629  0.005147  0.008788
   134/199       14G   0.03539  0.003084  0.001901   0.04037        21       640    0.9579    0.9422    0.9692    0.6546   0.04664  0.005218  0.008263
   135/199       14G   0.03509  0.003095  0.002205   0.04039        13       640    0.9226    0.9297    0.9573    0.6286   0.04693  0.005405   0.00779
   136/199       14G   0.03447  0.003052  0.001983   0.03951        24       640    0.9532    0.9446    0.9701    0.6481   0.04565  0.005127  0.008414
   137/199       14G   0.03373  0.003173  0.002034   0.03893        18       640    0.7411    0.7817    0.8215    0.4888   0.04991  0.006693  0.009911
   138/199       14G   0.03404  0.002967  0.002008   0.03902        15       640    0.9213    0.9273    0.9539    0.6021   0.04684  0.005566  0.008123
   139/199       14G   0.03369  0.003017  0.002011   0.03872        12       640     0.945    0.9493     0.963    0.6271   0.04563  0.005295   0.00754
   140/199       14G   0.03389  0.003154  0.002144   0.03919        14       640    0.9472     0.947    0.9726    0.6467   0.04563  0.005299  0.008452
   141/199       14G     0.035  0.003066  0.002256   0.04033        12       640    0.9563    0.9485    0.9678    0.6522   0.04515  0.005226  0.007922
   142/199       14G   0.03517  0.003031  0.002195    0.0404        24       640    0.9457     0.938    0.9609    0.6361   0.04578  0.005291   0.00773
   143/199       14G    0.0347   0.00298  0.001969   0.03965        28       640    0.9474    0.9431    0.9627    0.6425   0.04512  0.005237  0.007794
   144/199       14G   0.03291  0.003051  0.001834   0.03779        11       640    0.9492    0.9475    0.9667    0.6464   0.04432  0.005337  0.007638
   145/199       14G   0.03406  0.003104  0.002074   0.03923        17       640    0.9418    0.8619    0.9334    0.5912   0.04707  0.005785  0.008882
   146/199       14G   0.03505  0.003165  0.002248   0.04046         7       640    0.9522    0.9437    0.9636    0.6399   0.04477  0.005388  0.007953
   147/199       14G   0.03346  0.002977  0.002193   0.03863        13       640    0.9287    0.9369    0.9601     0.631   0.04524  0.005403  0.007904
   148/199       14G   0.03424  0.002995   0.00251   0.03975        18       640    0.9529    0.9491    0.9709    0.6521   0.04386   0.00531  0.007653
   149/199       14G   0.03349  0.003055  0.001891   0.03844        18       640    0.9579    0.9396    0.9707    0.6534   0.04312  0.005321  0.007574
   150/199       14G    0.0329   0.00305  0.002172   0.03813         8       640    0.9345    0.9668    0.9705    0.6617   0.04305  0.005273  0.007139
   151/199       14G   0.03376  0.003061  0.001967   0.03878        21       640    0.9435    0.9585    0.9708    0.6528    0.0425  0.005298  0.007204
   152/199       14G   0.03262  0.003127  0.001848   0.03759         6       640    0.9387    0.9645    0.9684    0.6464   0.04205  0.005352  0.007507
   153/199       14G   0.03308  0.003041  0.001719   0.03784        12       640     0.945    0.9641    0.9694    0.6503   0.04341  0.005351  0.007467
   154/199       14G   0.03308  0.003132  0.001869   0.03808        28       640    0.9333    0.9614    0.9675    0.6597   0.04273   0.00539  0.007472
   155/199       14G   0.03223  0.002999  0.001668    0.0369         8       640    0.9279    0.9584    0.9651    0.6621   0.04331  0.005311  0.007282
   156/199       14G   0.03335  0.002944  0.002044   0.03833        27       640     0.945    0.9462    0.9675    0.6589   0.04415  0.005323   0.00803
   157/199       14G   0.03286  0.003087  0.001833   0.03778        12       640    0.9356    0.9522     0.965    0.6542   0.04325  0.005252  0.007241
   158/199       14G   0.03343  0.003028  0.001822   0.03828        16       640    0.9479     0.945    0.9664    0.6496   0.04216  0.005315  0.007218
   159/199       14G   0.03153  0.002973  0.001756   0.03626        13       640    0.9439    0.9586    0.9715    0.6633   0.04167  0.005382  0.007387
   160/199       14G   0.03272  0.003012  0.001872   0.03761        14       640    0.9503    0.9487    0.9641    0.6544   0.04218  0.005357  0.007053
   161/199       14G   0.03199  0.003048  0.001611   0.03665        16       640     0.932    0.9718    0.9723    0.6619    0.0429  0.005365  0.007541
   162/199       14G   0.03261   0.00307  0.001959   0.03764        19       640    0.9463    0.9596    0.9712     0.658   0.04375  0.005333  0.008016
   163/199       14G   0.03225  0.002908  0.001616   0.03678        18       640    0.9497    0.9097    0.9622    0.6431   0.04391  0.005529  0.007447
   164/199       14G   0.03244  0.003016  0.001835   0.03729        11       640    0.9527    0.9509    0.9713    0.6549   0.04205  0.005358  0.007345
   165/199       14G   0.03272  0.003012  0.001771    0.0375         7       640    0.9552    0.9477     0.971    0.6603   0.04214  0.005319  0.007242
   166/199       14G    0.0312  0.002963  0.001567   0.03573        11       640    0.9519    0.9534    0.9704    0.6666   0.04274  0.005388  0.007216
   167/199       14G   0.03162  0.002983  0.001616   0.03622         9       640    0.9417    0.9573    0.9715    0.6584   0.04287  0.005372   0.00736
   168/199       14G   0.03193  0.002941  0.001691   0.03657        10       640    0.9483    0.9498    0.9678    0.6541   0.04258  0.005371  0.007131
   169/199       14G   0.03224  0.003083  0.001745   0.03706         7       640    0.9395    0.9527    0.9681    0.6534    0.0434  0.005332  0.007192
   170/199       14G    0.0309  0.002974  0.001543   0.03542        12       640    0.9426    0.9518    0.9703    0.6544   0.04304   0.00532  0.007523
   171/199       14G   0.03131  0.003097  0.001627   0.03603        17       640    0.9496    0.9572    0.9721    0.6587   0.04291  0.005312  0.007291
   172/199       14G   0.03181  0.003006  0.001737   0.03656        12       640     0.952     0.957    0.9714    0.6612   0.04342  0.005352  0.007186
   173/199       14G   0.03236  0.003082  0.001767   0.03721        11       640    0.9386    0.9567    0.9726    0.6568   0.04358  0.005322  0.007161
   174/199       14G   0.03162  0.002976  0.001603    0.0362        19       640     0.941    0.9553    0.9696    0.6653   0.04337  0.005363  0.007572
   175/199       14G    0.0323  0.003014  0.001762   0.03708        24       640    0.9434    0.9604    0.9727    0.6716   0.04382  0.005291  0.007446
   176/199       14G   0.03328  0.002973  0.002039   0.03829        13       640    0.9457    0.9609    0.9733    0.6632     0.044  0.005302  0.007582
   177/199       14G   0.03256   0.00305  0.002141   0.03775        17       640    0.9546    0.9495    0.9717    0.6673    0.0433  0.005297  0.007376
   178/199       14G   0.03161  0.002958  0.001648   0.03621        19       640    0.9485    0.9568    0.9735     0.665   0.04366  0.005257  0.007383
   179/199       14G   0.03366  0.002876  0.001898   0.03843        17       640    0.9462    0.9537    0.9732    0.6678   0.04358  0.005304  0.007606
   180/199       14G   0.03267  0.003047  0.001848   0.03757         3       640    0.9524    0.9516    0.9711    0.6713   0.04377  0.005281  0.008181
   181/199       14G   0.03174  0.002962  0.001711   0.03642        15       640    0.9406    0.9311    0.9627    0.6483   0.04434  0.005491  0.007436
   182/199       14G   0.03305  0.003051  0.001962   0.03806        24       640    0.9491    0.9509    0.9744    0.6663   0.04309  0.005271  0.007367
   183/199       14G   0.03127  0.002964  0.001598   0.03583        11       640    0.9531    0.9449    0.9742    0.6648    0.0431  0.005234   0.00734
   184/199       14G   0.03116   0.00285  0.001575   0.03558        17       640    0.9375    0.9584    0.9741    0.6681   0.04288  0.005294   0.00714
   185/199       14G    0.0312  0.002892  0.001558   0.03565        14       640    0.9516    0.9503    0.9729     0.667   0.04294  0.005368  0.006928
   186/199       14G   0.03148  0.002925  0.001503   0.03591        24       640    0.9521    0.9527    0.9734    0.6665   0.04321  0.005357  0.006881
   187/199       14G   0.03109   0.00296  0.001732   0.03578        12       640    0.9596    0.9517    0.9732    0.6697   0.04289  0.005349  0.007101
   188/199       14G   0.03033  0.002892  0.001678    0.0349        14       640    0.9564    0.9529    0.9739    0.6659   0.04261  0.005298  0.007139
   189/199       14G   0.03152  0.002986   0.00178   0.03629        12       640     0.944    0.9644    0.9721    0.6699   0.04257  0.005248  0.007268
   190/199       14G   0.03149  0.003018  0.001737   0.03624        22       640    0.9447    0.9641    0.9726    0.6729   0.04296  0.005297  0.007588
   191/199       14G   0.02978  0.002961  0.001463   0.03421        11       640    0.9536    0.9524    0.9715    0.6731   0.04266  0.005346  0.007531
   192/199       14G   0.03036  0.002879  0.001485   0.03473        16       640    0.9539    0.9578    0.9736     0.673   0.04296  0.005371  0.007404
   193/199       14G   0.03118  0.002955  0.001492   0.03563        16       640    0.9615    0.9507    0.9742    0.6732   0.04307   0.00533  0.007256
   194/199       14G   0.03284   0.00297  0.001759   0.03757        16       640    0.9503    0.9624    0.9733    0.6757   0.04302  0.005332  0.007247
   195/199       14G   0.03254  0.002969  0.001958   0.03747        19       640    0.9628    0.9534    0.9738    0.6701   0.04299  0.005364  0.007299
   196/199       14G   0.03064  0.002915  0.001436   0.03499        13       640    0.9524    0.9603    0.9714    0.6521   0.04321  0.005402  0.007156
   197/199       14G   0.03105  0.002937  0.001552   0.03554        10       640    0.9468    0.9634    0.9729    0.6649   0.04245  0.005336  0.007391
   198/199       14G   0.03159   0.00303  0.001771   0.03639         8       640    0.9552    0.9561    0.9733    0.6737   0.04231  0.005344  0.007552
   199/199       14G   0.03114  0.002961  0.001514   0.03561        11       640    0.9611    0.9489    0.9713     0.664   0.04232  0.005355  0.007183
