     0/299    0.262G   0.08164   0.01351   0.04578    0.1409        10       640    0.3752  0.003378 4.959e-05 1.015e-05    0.1023   0.01379   0.04714
     1/299    0.981G   0.07709  0.007309   0.03465    0.1191        13       640  6.67e-05   0.01858 3.285e-05 5.562e-06    0.1112   0.01233   0.06203
     2/299    0.981G   0.07806  0.006304   0.03056    0.1149        11       640 0.0004543   0.05673 0.0001236 2.223e-05     0.103   0.01182   0.04699
     3/299    0.981G   0.07704  0.006164   0.02766    0.1109        13       640    0.6259  0.006098 0.0003483 6.326e-05    0.1103   0.01146   0.04756
     4/299    0.981G   0.07325  0.006775   0.02429    0.1043        17       640 7.159e-05    0.0122 3.148e-05  3.75e-06    0.1056   0.01448   0.04557
     5/299    0.981G   0.06898  0.007452   0.02235   0.09878        14       640   0.01298   0.01722 0.0007398  0.000134    0.1055   0.01417   0.04532
     6/299    0.981G   0.06658   0.00775   0.02203   0.09636        18       640    0.2588    0.1181  0.005432  0.001271    0.1034   0.01419   0.04592
     7/299    0.981G   0.06536  0.007277   0.01992   0.09255         9       640    0.5495    0.1245    0.0466   0.01416   0.09831   0.01386   0.04751
     8/299    0.981G   0.06444  0.006661   0.01778   0.08889        10       640    0.9295   0.03575   0.03687  0.009483    0.1007   0.01303   0.04794
     9/299    0.981G   0.06263  0.006199   0.01648    0.0853        14       640    0.8336     0.055   0.06533   0.01855   0.09421   0.01353   0.05307
    10/299    0.981G   0.06133  0.006319   0.01379   0.08144        26       640    0.6908    0.1071   0.06507    0.0201   0.09586   0.01375   0.05175
    11/299    0.981G   0.05904  0.006142   0.01251   0.07769        11       640    0.8375    0.1475   0.09108    0.0324    0.0911   0.01248   0.04879
    12/299    0.981G   0.05893  0.006173   0.01092   0.07602         9       640    0.3456      0.23    0.1431   0.04446   0.09558   0.01364   0.05174
    13/299    0.981G   0.05819  0.006178   0.01089   0.07526        10       640     0.508    0.1507    0.1019   0.03707    0.0963   0.01509   0.05093
    14/299    0.981G    0.0577   0.00629  0.009978   0.07397        23       640    0.1316    0.2373  0.001173 0.0002527   0.09909   0.01674   0.06735
    15/299    0.981G   0.05654  0.006239  0.008413   0.07119         8       640    0.5419   0.06705   0.02742  0.004489   0.09889    0.0147   0.05729
    16/299    0.981G   0.05708  0.006396  0.008906   0.07239        13       640    0.6884    0.2732    0.1958   0.04221    0.0931   0.01303   0.06172
    17/299    0.981G   0.05613  0.006367    0.0079    0.0704        29       640    0.8429    0.2197    0.2256   0.08641   0.08892   0.01293   0.06486
    18/299    0.981G   0.05538  0.006411   0.00773   0.06952        15       640    0.7797    0.2849    0.2915   0.09732   0.08721   0.01211   0.05675
    19/299    0.981G   0.05531   0.00628  0.006611    0.0682        15       640    0.6424   0.08733   0.09752   0.04442   0.09325   0.01745   0.06259
    20/299    0.981G    0.0541  0.006169  0.007436    0.0677         8       640    0.6979    0.1274   0.09327   0.03339   0.09457   0.01555   0.05983
    21/299    0.981G   0.05322  0.006166  0.006376   0.06576        11       640    0.8277      0.28       0.3    0.1213   0.08701   0.01239   0.05834
    22/299    0.981G   0.05314  0.006035  0.006903   0.06607        28       640    0.6666    0.2594    0.2589    0.1087   0.09235   0.01327   0.05659
    23/299    0.981G   0.05366  0.006057  0.007286     0.067         7       640    0.3841   0.05793  0.005101    0.0017    0.1041   0.06415   0.09708
    24/299    0.981G   0.05337  0.006196  0.006444   0.06601        17       640    0.6926    0.2436    0.2643   0.08531   0.09077   0.01385   0.05769
    25/299    0.981G   0.05351  0.005992  0.006568   0.06607        11       640    0.8757    0.1739    0.2954   0.09053     0.093   0.02435   0.06869
    26/299    0.981G    0.0516  0.006038  0.005654   0.06329        17       640    0.6217    0.1337    0.1033   0.04566   0.09487   0.05032   0.06392
    27/299    0.981G   0.05055  0.005944  0.005557   0.06205        14       640    0.7226    0.5242    0.5367    0.2149     0.082   0.01154   0.05202
    28/299    0.981G   0.05014  0.005812  0.005173   0.06113        25       640    0.7952    0.4642    0.5596    0.2323   0.08068   0.01113   0.05414
    29/299    0.981G   0.05042  0.005787  0.005331   0.06154        14       640    0.5529    0.2144     0.242    0.0827   0.09056    0.0133   0.06347
    30/299    0.981G   0.04993  0.005804  0.005201   0.06093        11       640    0.8625    0.2265    0.2727   0.09072   0.08958   0.01249   0.06225
    31/299    0.981G   0.04957  0.005864  0.004677   0.06011         9       640    0.6827    0.1671    0.1965   0.07043   0.09414   0.01442   0.06246
    32/299    0.981G   0.04848  0.005697  0.004572   0.05875        18       640    0.6398    0.5324    0.5387    0.2336   0.08369   0.01122   0.05401
    33/299    0.981G   0.04877  0.005883  0.004637   0.05929        12       640    0.9499   0.06718    0.1003   0.04534   0.09721   0.01474   0.06886
    34/299    0.981G   0.04853   0.00594  0.004851   0.05932        13       640    0.8032    0.3425    0.4632    0.1781   0.08726   0.01122   0.05741
    35/299    0.981G   0.04879  0.005826  0.005092    0.0597        16       640    0.4114    0.3497    0.3276    0.1086   0.09131    0.0137   0.06002
    36/299    0.981G   0.04851  0.005907  0.005506   0.05993        16       640     0.681    0.3788    0.4091     0.172   0.08789   0.01833   0.05325
    37/299    0.981G   0.04749  0.005695  0.004603   0.05779        16       640    0.5382    0.2183    0.1916   0.08821   0.08967   0.01603   0.05965
    38/299    0.981G   0.04817  0.005769  0.005168   0.05911        27       640    0.7649    0.6398    0.6494    0.2975   0.07928   0.01028   0.05196
    39/299    0.981G    0.0472  0.005759  0.004065   0.05702        21       640    0.7017    0.5803    0.6127    0.3019   0.07926   0.01071   0.04964
    40/299    0.981G   0.04668  0.005705  0.004033   0.05642        13       640    0.6604    0.2512    0.3378    0.1395   0.08703   0.01483    0.0576
    41/299    0.981G   0.04646  0.005722  0.003785   0.05597        18       640    0.7529    0.5216    0.5895    0.2779   0.07952   0.01173   0.05253
    42/299    0.981G   0.04682  0.005716  0.003755   0.05629        20       640    0.7378    0.5907    0.6694    0.3042   0.07983   0.01116   0.04783
    43/299    0.981G   0.04634  0.005766  0.003824   0.05593        23       640    0.7893    0.4629    0.5484    0.2421   0.08408    0.0115   0.05395
    44/299    0.981G   0.04653  0.005714  0.004355    0.0566        11       640    0.7658    0.5157    0.5956    0.2534   0.08278   0.01089   0.04741
    45/299    0.981G   0.04647  0.005897  0.003835    0.0562        19       640    0.6635    0.4373    0.4651    0.2072   0.08499   0.01237   0.05863
    46/299    0.981G   0.04605  0.005705  0.003876   0.05563        20       640    0.4501    0.3037    0.2854    0.1316    0.0855   0.01594   0.05898
    47/299    0.981G   0.04603  0.005647  0.003723    0.0554        23       640     0.809    0.5405    0.6001    0.2635   0.08061    0.0114   0.04776
    48/299    0.981G   0.04664  0.005789  0.004971    0.0574        36       640    0.6728    0.6667    0.6914    0.3031   0.07673   0.01166   0.04741
    49/299    0.981G   0.04615  0.005567  0.004046   0.05576        23       640    0.7146     0.587    0.6776    0.3217   0.07818   0.01081   0.04981
    50/299    0.981G   0.04544  0.005491  0.003365    0.0543        18       640    0.6811    0.1652    0.2318    0.1047   0.09265   0.01453   0.06033
    51/299    0.981G   0.04599  0.005581  0.003724    0.0553        18       640    0.7636    0.2739    0.3294    0.1224   0.08771   0.01375    0.0545
    52/299    0.981G   0.04519  0.005608  0.003271   0.05407        14       640    0.8467    0.5945    0.7244    0.3347   0.07743   0.01107   0.04489
    53/299    0.981G   0.04523  0.005578  0.003282   0.05409        14       640    0.7801    0.5929     0.666    0.3255   0.07635   0.01104   0.04552
    54/299    0.981G   0.04453  0.005494  0.003159   0.05318        19       640    0.5342    0.2279    0.3023    0.1197   0.08693   0.01644   0.05867
    55/299    0.981G   0.04471  0.005474  0.002937   0.05312         9       640    0.5994    0.6539    0.6498    0.3031   0.07807   0.01133   0.04919
    56/299    0.981G    0.0438  0.005481  0.003124    0.0524        18       640    0.7452    0.7024    0.7281    0.3095   0.07614  0.009713   0.04736
    57/299    0.981G   0.04393  0.005438  0.003231    0.0526        16       640     0.765    0.2782    0.3649    0.1424   0.08574   0.01424   0.06408
    58/299    0.981G   0.04439  0.005429  0.003755   0.05357        23       640     0.613    0.7439     0.716    0.3076   0.07697   0.01144   0.04978
    59/299    0.981G   0.04323  0.005653   0.00335   0.05223        16       640    0.4734    0.3727    0.4002    0.1631    0.0886   0.01275   0.05264
    60/299    0.981G   0.04335  0.005261  0.002957   0.05157        22       640    0.5177    0.2015    0.1731   0.07314   0.09338   0.01769   0.06482
    61/299    0.981G   0.04416    0.0055  0.003279   0.05294        14       640     0.348    0.3119    0.2313     0.101   0.09301   0.01717   0.06703
    62/299    0.981G   0.04323   0.00532  0.002289   0.05084        13       640    0.4987    0.5793    0.5773    0.2473   0.07874   0.01241   0.05098
    63/299    0.981G   0.04324  0.005452  0.002779   0.05147        20       640    0.5887    0.5947    0.6175    0.2961   0.07754   0.01176   0.04673
    64/299    0.981G   0.04401  0.005347  0.002888   0.05224        21       640    0.7265    0.4796    0.5577    0.2597   0.07985   0.01247   0.04993
    65/299    0.981G   0.04386  0.005477  0.003216   0.05255        26       640    0.7509    0.4317    0.5315    0.2254   0.08301   0.01286   0.05157
    66/299    0.981G   0.04335  0.005552  0.002858   0.05176        18       640    0.6826    0.4913    0.5558    0.2444   0.08059   0.01299   0.05427
    67/299    0.981G   0.04215  0.005405   0.00271   0.05027        18       640    0.7368    0.4932    0.5532    0.2548   0.08262    0.0123   0.04734
    68/299    0.981G   0.04316   0.00536  0.002992   0.05151        11       640    0.7144    0.2577    0.3003    0.1402   0.08508   0.01449   0.06666
    69/299    0.981G    0.0428  0.005465  0.002697   0.05096        15       640    0.5725    0.4086    0.4375    0.1615    0.0841   0.01369   0.05908
    70/299    0.981G    0.0427  0.005345  0.002833   0.05087        21       640    0.5961    0.3343    0.3926     0.157   0.08774   0.01388   0.05308
    71/299    0.981G   0.04225  0.005318  0.002875   0.05045        11       640     0.548    0.5901    0.5779    0.2764   0.07676   0.01236   0.05357
    72/299    0.981G   0.04288  0.005321  0.003092   0.05129        26       640    0.6455    0.4541    0.4592    0.1931   0.08754    0.0127   0.04877
    73/299    0.981G   0.04292  0.005332  0.002644   0.05089        10       640     0.763    0.7183    0.7735    0.3552   0.07622  0.009786   0.04717
    74/299    0.981G   0.04167  0.005308  0.002625   0.04961        16       640    0.6523    0.5643    0.6201    0.2817    0.0784   0.01094   0.04506
    75/299    0.981G   0.04154  0.005289  0.002731   0.04956        14       640    0.7844    0.7693    0.8628    0.4487   0.07356  0.009778   0.04847
    76/299    0.981G   0.04214  0.005205  0.003446   0.05079        14       640    0.4339    0.3436    0.3619    0.1417   0.08782   0.01571   0.05945
    77/299    0.981G   0.04171  0.005335  0.003066   0.05011        21       640    0.7961    0.5265    0.5789    0.2766   0.08115   0.01201   0.04724
    78/299    0.981G   0.04179  0.005233  0.002838   0.04986         6       640    0.5807    0.2704    0.2917    0.1199   0.08746    0.0148    0.0575
    79/299    0.981G   0.04218  0.005268  0.002695   0.05014         9       640    0.3609    0.1551    0.1828   0.07488   0.09173   0.01937   0.06473
    80/299    0.981G   0.04132  0.005238  0.003051   0.04961        13       640    0.7299    0.4725     0.552    0.2511   0.08507   0.01182   0.05367
    81/299    0.981G   0.04103  0.005305  0.002361   0.04869        19       640    0.7616    0.8318    0.8692    0.4676   0.07047  0.009226   0.04814
    82/299    0.981G   0.04023  0.005273  0.002401    0.0479        14       640    0.7502    0.7562    0.8054    0.4134   0.07254   0.01025   0.04736
    83/299    0.981G   0.04061  0.005251  0.002586   0.04844        15       640    0.7822    0.8343    0.8661    0.4638   0.07036  0.009303   0.04606
    84/299    0.981G   0.04043   0.00519  0.003045   0.04867        21       640    0.5731    0.1647    0.2224   0.09439   0.08692   0.01718   0.06498
    85/299    0.981G   0.04139   0.00534  0.003083   0.04982        12       640    0.7309    0.7393    0.7972      0.41   0.07242   0.01023   0.04393
    86/299    0.981G   0.04116  0.005306  0.002921   0.04939        13       640    0.7267    0.6611     0.717    0.3565   0.07865   0.01094   0.04649
    87/299    0.981G   0.04158  0.005264  0.002803   0.04965         8       640    0.6538    0.5187     0.563    0.2646   0.08082   0.01181    0.0539
    88/299    0.981G   0.04142  0.005222  0.002755    0.0494        25       640    0.5791    0.4929    0.5202    0.2343   0.07843   0.01365   0.04706
    89/299    0.981G   0.04102  0.005296  0.002201   0.04852        15       640    0.5288    0.4898    0.4523    0.1809   0.07639   0.01275   0.05443
    90/299    0.981G     0.042  0.005143  0.002682   0.04982        18       640    0.8621    0.7613    0.8463    0.4358   0.06979   0.01066   0.04697
    91/299    0.981G   0.04046  0.005292  0.002147    0.0479        13       640    0.7673     0.541    0.5957    0.2662   0.08115    0.0122   0.04701
    92/299    0.981G   0.04032  0.005401  0.002129   0.04785        13       640    0.6924    0.1032    0.1326   0.05966   0.09101   0.01699   0.06272
    93/299    0.981G   0.04112  0.005205  0.002758   0.04908        14       640    0.7212    0.7897    0.8212    0.4196   0.06954  0.009694    0.0449
    94/299    0.981G   0.04028  0.005321  0.002461   0.04806        19       640    0.7221    0.7301    0.7575    0.3625   0.07157   0.01137   0.04906
    95/299    0.981G   0.04026   0.00533  0.002659   0.04825        18       640    0.7356    0.7579    0.8022    0.4138    0.0732    0.0105   0.04651
    96/299    0.981G   0.04044  0.005329  0.002759   0.04852        17       640    0.8273    0.8087    0.8787    0.4733   0.07023  0.009574   0.04492
    97/299    0.981G   0.04015  0.005309  0.002458   0.04792        28       640    0.7916    0.7668    0.8428    0.4585   0.06887   0.01047   0.04403
    98/299    0.981G   0.04011   0.00527  0.001944   0.04732        16       640    0.8625    0.7225     0.848    0.4783   0.06898  0.009688   0.04549
    99/299    0.981G   0.03997  0.005349  0.002246   0.04757        10       640     0.705    0.6699    0.7252    0.3476   0.07429   0.01173    0.0449
   100/299    0.981G    0.0405  0.005288   0.00233   0.04812        21       640    0.7866    0.6935    0.7934    0.4047   0.07459    0.0103   0.04384
   101/299    0.981G   0.03969  0.005247  0.002592   0.04753        18       640    0.8352    0.7966    0.8649    0.4665   0.07042    0.0106   0.04775
   102/299    0.981G   0.03972  0.005233  0.002009   0.04696        10       640    0.7501     0.707    0.7589    0.3759    0.0742   0.01094    0.0447
   103/299    0.981G   0.03907   0.00514   0.00212   0.04633         6       640     0.732    0.5406    0.5487    0.2551   0.08243   0.01268   0.04704
   104/299    0.981G   0.03898   0.00517  0.001975   0.04613        13       640    0.8302    0.7173    0.8219    0.4234   0.06941   0.01051   0.04432
   105/299    0.981G   0.03824  0.005153  0.001794   0.04519        12       640    0.7314    0.6826    0.7389    0.3737   0.07409   0.01103   0.04431
   106/299    0.981G   0.03973  0.005264  0.002945   0.04794        14       640    0.8462    0.8147    0.8707    0.4595    0.0682  0.009756   0.04526
   107/299    0.981G    0.0401  0.005263  0.002593   0.04796        27       640    0.6965    0.5406    0.6068    0.2695   0.07329   0.01258   0.05132
   108/299    0.981G   0.03985  0.005218  0.002972   0.04803         9       640    0.8772    0.8105    0.8904    0.4688    0.0698  0.009738   0.04445
   109/299    0.981G   0.03974  0.005305  0.002584   0.04763        10       640    0.8417    0.8348    0.8978    0.4912   0.06814  0.009681   0.04573
   110/299    0.981G   0.03979  0.005175  0.002476   0.04744        14       640    0.8171    0.8449    0.8866    0.5018   0.06747  0.009755    0.0444
   111/299    0.981G   0.03925  0.005107  0.002069   0.04642        12       640    0.6032    0.3025    0.4207    0.1904   0.08149   0.01425   0.04998
   112/299    0.981G   0.03855  0.005057  0.002065   0.04567        17       640    0.7794    0.8103    0.8485    0.4704   0.06846   0.01056   0.04476
   113/299    0.981G   0.03925   0.00514  0.002372   0.04676         8       640    0.6903    0.7362    0.7708    0.3744   0.07098     0.013   0.04595
   114/299    0.981G   0.03786   0.00522  0.002143   0.04523        14       640    0.8524    0.7643     0.843    0.4493   0.07043    0.0103   0.04348
   115/299    0.981G   0.03885  0.005201  0.002226   0.04628        24       640    0.8435     0.831    0.8953    0.5065   0.06716  0.009827   0.04345
   116/299    0.981G   0.03872   0.00525  0.002535   0.04651        12       640     0.755    0.6887    0.7462    0.3787   0.06907    0.0118   0.04671
   117/299    0.981G   0.03833  0.005177   0.00237   0.04587        13       640    0.8522    0.7515    0.8451    0.4511   0.06819   0.01071    0.0444
   118/299    0.981G   0.03903  0.005196  0.002409   0.04664        13       640    0.7174    0.2828    0.3507    0.1604   0.08485    0.0141   0.04982
   119/299    0.981G   0.03908  0.005186  0.001991   0.04625        18       640    0.6185    0.5216    0.5515    0.2701   0.07124   0.01363   0.04643
   120/299    0.981G    0.0385  0.005023  0.002172    0.0457        14       640    0.7733    0.6327     0.721    0.3749   0.07329   0.01126   0.04438
   121/299    0.981G   0.03824  0.005089  0.002134   0.04546        14       640    0.7353    0.7504    0.7806    0.3839   0.07052   0.01175   0.04453
   122/299    0.981G   0.03719  0.005149   0.00226    0.0446         9       640    0.8441    0.8006     0.832    0.4257    0.0694   0.01024   0.04314
   123/299    0.981G   0.03882  0.005228  0.002219   0.04626        21       640     0.727    0.7249    0.7699    0.3954   0.07091    0.0115   0.05016
   124/299    0.981G    0.0382  0.005119  0.002119   0.04544        11       640    0.8058    0.6538    0.7355    0.3825   0.07105   0.01159   0.04248
   125/299    0.981G   0.03777  0.005063  0.002089   0.04492         8       640    0.8658    0.8296    0.8966    0.4837   0.06708   0.01034   0.04318
   126/299    0.981G   0.03748   0.00505  0.002058   0.04459        21       640    0.8845    0.7514    0.8846    0.4919   0.06705   0.01047   0.04211
   127/299    0.981G   0.03775  0.004991  0.001553    0.0443        13       640     0.847    0.8764    0.9156    0.5344   0.06533  0.009474   0.04295
   128/299    0.981G   0.03708  0.005071  0.001681   0.04383        14       640     0.882    0.8829    0.9236    0.5172    0.0669  0.009916   0.04414
   129/299    0.981G   0.03747  0.005087  0.001825   0.04438        14       640    0.5933     0.563    0.6126    0.2792   0.07385   0.01391   0.04366
   130/299    0.981G   0.03758  0.005193  0.002004   0.04478        29       640    0.8545    0.8507    0.9006    0.5337   0.06654  0.009767   0.04362
   131/299    0.981G   0.03747  0.005149  0.001907   0.04453        28       640    0.8677    0.8449    0.9001    0.5026   0.06757   0.01034   0.04341
   132/299    0.981G   0.03861  0.005111  0.002591   0.04631         9       640    0.8795     0.793    0.8897     0.504   0.06786  0.009811   0.04404
   133/299    0.981G   0.03717  0.005057  0.002243   0.04447        13       640    0.7722    0.7729    0.8027    0.4111   0.07125   0.01141   0.04261
   134/299    0.981G   0.03762  0.005098  0.002114   0.04483        18       640    0.8886    0.8848    0.9251     0.535   0.06573   0.01011   0.04431
   135/299    0.981G   0.03646  0.004974  0.001863    0.0433         7       640    0.7326    0.6947    0.7581     0.374   0.06959   0.01137    0.0439
   136/299    0.981G   0.03724  0.005141  0.001846   0.04423         7       640    0.8798    0.8898    0.9235    0.5262   0.06457  0.009441   0.04202
   137/299    0.981G    0.0372  0.005129  0.001783   0.04411        19       640    0.8676    0.9061    0.9339    0.5542   0.06384  0.009609   0.04213
   138/299    0.981G     0.036  0.005052  0.001676   0.04273        13       640    0.9142    0.8218     0.889    0.5005   0.06631   0.01032   0.04251
   139/299    0.981G   0.03713  0.005068   0.00189   0.04409        18       640    0.9007    0.8483    0.9274    0.5309   0.06374  0.009697   0.04144
   140/299    0.981G   0.03775  0.005159  0.002082   0.04499        15       640    0.8825    0.8402     0.913    0.5004   0.06511   0.01001   0.04212
   141/299    0.981G   0.03766  0.005039  0.002362   0.04506         9       640    0.8513    0.8461    0.8774    0.4571    0.0656   0.01073   0.04049
   142/299    0.981G   0.03661  0.005052  0.001741   0.04341        10       640    0.8715    0.7796    0.8611     0.458   0.06694    0.0104   0.04085
   143/299    0.981G   0.03655  0.005079  0.001978   0.04361        14       640    0.9006    0.8424    0.9297    0.5283   0.06437  0.009596   0.04042
   144/299    0.981G   0.03685  0.005175  0.001909   0.04393        12       640    0.8311    0.7602    0.8438    0.4391    0.0663   0.01129   0.04207
   145/299    0.981G   0.03684  0.005119  0.002165   0.04412        15       640    0.8435    0.8546     0.897    0.5046   0.06535   0.01031   0.03942
   146/299    0.981G   0.03637  0.005156  0.001686   0.04321         7       640    0.8629    0.8385    0.8851    0.4995   0.06625   0.01014   0.04033
   147/299    0.981G   0.03637  0.005046  0.001723   0.04314        21       640    0.8031     0.852    0.8916     0.505   0.06459   0.01056   0.04027
   148/299    0.981G   0.03659  0.005178  0.001963   0.04373        19       640    0.8962    0.8896    0.9293    0.5601   0.06297  0.009826   0.03984
   149/299    0.981G   0.03633  0.005044  0.001908   0.04328        23       640    0.8812    0.8833    0.9291    0.5538   0.06386  0.009694   0.04017
   150/299    0.981G   0.03603  0.005166  0.001781   0.04298        12       640    0.8731    0.8825    0.9152    0.5181   0.06515   0.01081   0.04103
   151/299    0.981G   0.03584   0.00504  0.002091   0.04297        19       640    0.8255    0.8562    0.8929    0.4958   0.06589  0.009961   0.03998
   152/299    0.981G   0.03685  0.004989  0.001751   0.04359        11       640    0.8601    0.8572    0.9193     0.518   0.06387   0.01027   0.04074
   153/299    0.981G    0.0355  0.004976  0.001365   0.04184        20       640    0.8917    0.8741    0.9325    0.5542   0.06322  0.009694   0.03908
   154/299    0.981G   0.03655   0.00504  0.001901   0.04349        23       640    0.9142    0.8612     0.936    0.5645   0.06278  0.009699   0.03831
   155/299    0.981G   0.03622  0.005164    0.0016   0.04299        15       640    0.8609    0.8632    0.9064    0.5075   0.06499   0.01025   0.03844
   156/299    0.981G   0.03595  0.004935  0.001616    0.0425        19       640    0.8891    0.8607    0.9308    0.5264   0.06383  0.009946   0.03797
   157/299    0.981G   0.03554  0.005061   0.00175   0.04235        15       640    0.9215    0.8811    0.9446    0.5531   0.06217  0.009561   0.03739
   158/299    0.981G   0.03607  0.005042  0.002066   0.04318        17       640     0.894    0.7886    0.8901     0.462   0.06622   0.01133    0.0399
   159/299    0.981G   0.03558  0.005166  0.001714   0.04246         9       640    0.9129    0.8494    0.9295    0.5364   0.06387  0.009922   0.03743
   160/299    0.981G   0.03569  0.005062    0.0019   0.04265         7       640    0.8678    0.8812    0.9347    0.5313    0.0629   0.01037   0.03656
   161/299    0.981G   0.03528  0.004923  0.001667   0.04187        13       640    0.9008    0.8668    0.9283    0.5264   0.06375   0.01012   0.03744
   162/299    0.981G   0.03626  0.004954  0.001798   0.04301        12       640    0.8895    0.7742    0.8619     0.458   0.06887   0.01097   0.03889
   163/299    0.981G   0.03603  0.005066   0.00198   0.04308        13       640    0.7776    0.8348    0.8766    0.5054   0.06441   0.01103    0.0373
   164/299    0.981G    0.0356  0.005007  0.001765   0.04237        18       640    0.8581    0.7518    0.8516    0.4983   0.06462   0.01123   0.03693
   165/299    0.981G   0.03519  0.004987  0.001786   0.04197        10       640    0.9153    0.8289    0.8974    0.4981   0.06526   0.01041   0.03608
   166/299    0.981G   0.03578  0.005038  0.001727   0.04254        16       640    0.8332    0.8988    0.9294    0.5363   0.06296   0.01044   0.03614
   167/299    0.981G   0.03503  0.004871  0.001778   0.04167        17       640    0.9108    0.8883    0.9501    0.5701   0.06163  0.009751   0.03554
   168/299    0.981G   0.03489  0.004981  0.001508   0.04137         8       640    0.8752    0.8611    0.9192    0.5108   0.06298   0.01004   0.03608
   169/299    0.981G   0.03571   0.00495  0.002167   0.04283        12       640    0.8297    0.8803    0.9307    0.5203   0.06379   0.01051   0.03606
   170/299    0.981G   0.03498  0.004901  0.001721    0.0416        15       640    0.9184    0.8856    0.9484    0.5528   0.06243  0.009594   0.03654
   171/299    0.981G   0.03521  0.005084  0.001862   0.04215        13       640    0.8972    0.8958    0.9487     0.568   0.06152  0.009831   0.03641
   172/299    0.981G   0.03531  0.004977  0.001731   0.04202        13       640    0.8775    0.9219    0.9457    0.5416   0.06215  0.009707   0.03632
   173/299    0.981G    0.0352  0.005002  0.001759   0.04196        10       640    0.9021    0.9212    0.9479    0.5518   0.06182  0.009718   0.03642
   174/299    0.981G   0.03454  0.004906   0.00172   0.04116        13       640    0.9043     0.911    0.9509    0.5595    0.0617  0.009834   0.03567
   175/299    0.981G   0.03496  0.004818  0.001507   0.04129        10       640    0.8162    0.7695    0.8543    0.4661   0.06441   0.01155   0.03689
   176/299    0.981G   0.03457  0.005042  0.001703   0.04132        28       640    0.9204    0.8895    0.9528    0.5819   0.06097  0.009665   0.03606
   177/299    0.981G   0.03477  0.005063  0.001853   0.04169        28       640    0.8925    0.9031    0.9482    0.5707   0.06132  0.009802   0.03584
   178/299    0.981G   0.03479  0.004968  0.001864   0.04162        15       640    0.9276     0.921    0.9526    0.5705   0.06143  0.009744   0.03661
   179/299    0.981G   0.03474  0.005117  0.001887   0.04174        16       640    0.8684    0.9013     0.937    0.5595   0.06138   0.01011    0.0362
   180/299    0.981G   0.03458  0.005131  0.001465   0.04118        18       640    0.8922    0.8884    0.9518    0.5844   0.06081  0.009823   0.03566
   181/299    0.981G    0.0347  0.004917  0.001613   0.04123        14       640    0.8725    0.9135    0.9541    0.5786   0.06134  0.009848   0.03599
   182/299    0.981G   0.03466  0.004868  0.001714   0.04124        14       640    0.8953    0.9087    0.9542    0.5907   0.06062  0.009923   0.03562
   183/299    0.981G   0.03375  0.004949  0.001467   0.04016        11       640    0.8993      0.89     0.947    0.5877   0.06089  0.009774   0.03549
   184/299    0.981G   0.03418     0.005  0.001598   0.04077        17       640    0.8948    0.9201    0.9448      0.59   0.06066  0.009601   0.03575
   185/299    0.981G   0.03366  0.004943  0.001496    0.0401        13       640    0.8939    0.9007    0.9526    0.5885   0.06058  0.009672   0.03571
   186/299    0.981G    0.0345   0.00502  0.001998   0.04152         9       640    0.9108    0.9131    0.9523     0.574   0.06037  0.009916   0.03611
   187/299    0.981G   0.03399  0.004984  0.001682   0.04066        15       640    0.9181    0.9295    0.9563    0.5863    0.0603  0.009716   0.03624
   188/299    0.981G   0.03376  0.004937  0.001629   0.04033        22       640    0.8436    0.8893    0.9292    0.5503   0.06237  0.009948   0.03657
   189/299    0.981G   0.03431  0.005034  0.001487   0.04083        17       640    0.8768    0.9222    0.9485    0.5703   0.06085   0.01001   0.03573
   190/299    0.981G   0.03362  0.004818  0.001707   0.04015        21       640    0.9018     0.921    0.9531    0.5647   0.06024   0.00986   0.03575
   191/299    0.981G   0.03408   0.00489  0.001694   0.04067        17       640    0.9316    0.8881    0.9541    0.5828   0.05979  0.009754   0.03545
   192/299    0.981G   0.03385  0.005034  0.001272   0.04016        27       640    0.9217    0.9086    0.9546    0.5878   0.06047   0.01004    0.0351
   193/299    0.981G   0.03435  0.005146  0.001791   0.04128        16       640    0.9246    0.9054    0.9532    0.5653    0.0605  0.009807   0.03585
   194/299    0.981G   0.03365  0.004811  0.001487   0.03995        18       640    0.9003    0.7641    0.8736      0.52   0.06386   0.01059   0.03628
   195/299    0.981G    0.0339  0.004878  0.001655   0.04044        12       640    0.8521     0.914    0.9349    0.5731   0.06141  0.009968   0.03591
   196/299    0.981G   0.03402  0.004998  0.001236   0.04025        24       640    0.9108    0.9328    0.9486      0.57   0.06096   0.01028   0.03489
   197/299    0.981G   0.03369  0.004877  0.001386   0.03996        12       640    0.9327    0.8891    0.9478    0.5721    0.0607   0.01009   0.03514
   198/299    0.981G   0.03307  0.004852  0.001358   0.03928        10       640    0.8943    0.9357    0.9557    0.5935   0.06001  0.009764   0.03492
   199/299    0.981G   0.03323  0.004882  0.001368   0.03948        20       640       0.9    0.9143    0.9512    0.5662   0.06022  0.009717   0.03575
   200/299    0.981G   0.03343  0.004996  0.001462   0.03988        16       640    0.9005    0.8438    0.9376    0.5706    0.0613   0.01015   0.03483
   201/299    0.981G   0.03325  0.004901  0.001416   0.03957        16       640    0.9196     0.882    0.9498    0.5845   0.06024  0.009846   0.03502
   202/299    0.981G   0.03343  0.004746  0.001617   0.03979         7       640    0.8491    0.9365    0.9482     0.593   0.06017  0.009812   0.03502
   203/299    0.981G   0.03354  0.004904  0.001504   0.03995         8       640    0.9278    0.8933    0.9534    0.5827   0.05973  0.009752   0.03547
   204/299    0.981G   0.03353  0.004987  0.001647   0.04017        10       640    0.9044    0.9007    0.9525    0.5847   0.05971  0.009935   0.03486
   205/299    0.981G   0.03337  0.004828  0.001786   0.03999        15       640    0.9168    0.9006    0.9533    0.5814   0.05973  0.009961   0.03519
   206/299    0.981G   0.03305  0.004848  0.001279   0.03918        15       640    0.9335    0.9122    0.9567    0.5994   0.05938  0.009715   0.03516
   207/299    0.981G   0.03327  0.005012  0.001815    0.0401        15       640    0.9426    0.9063    0.9564    0.6033   0.05925  0.009734   0.03517
   208/299    0.981G   0.03335  0.004959  0.001629   0.03993        18       640    0.9118    0.9254    0.9556     0.575   0.06058  0.009773   0.03585
   209/299    0.981G   0.03363  0.004974  0.001621   0.04023        27       640    0.9073    0.9321    0.9563    0.5927   0.05948  0.009837   0.03543
   210/299    0.981G   0.03345  0.004961  0.001627   0.04004        20       640    0.9164    0.9199    0.9569    0.5968   0.05954  0.009847   0.03527
   211/299    0.981G   0.03356   0.00488  0.001676   0.04012        13       640    0.9196    0.9058    0.9518    0.5757   0.06022  0.009861   0.03554
   212/299    0.981G   0.03275   0.00475  0.001436   0.03893         9       640    0.9249    0.8865     0.949    0.5638   0.06002  0.009912   0.03526
   213/299    0.981G   0.03326  0.004822  0.001621    0.0397         9       640    0.9346    0.9145    0.9592    0.5842   0.05877  0.009944   0.03491
   214/299    0.981G   0.03272  0.004993  0.001333   0.03904        16       640    0.9232    0.9162    0.9559    0.5909   0.05887  0.009969   0.03481
   215/299    0.981G   0.03264  0.005035  0.001257   0.03893        19       640     0.944    0.9027    0.9553    0.5985   0.05889  0.009801   0.03482
   216/299    0.981G   0.03268  0.005054  0.001059   0.03879        13       640    0.9337    0.9304    0.9607       0.6   0.05872  0.009779   0.03488
   217/299    0.981G   0.03264  0.004984  0.001509   0.03913        16       640    0.9135    0.9064    0.9515    0.5789   0.05955   0.01037   0.03423
   218/299    0.981G   0.03293  0.004972  0.001724   0.03963        16       640    0.9303    0.9202    0.9553    0.5772   0.05934   0.00994   0.03526
   219/299    0.981G   0.03272  0.004956  0.001335   0.03901        11       640    0.9327    0.9191    0.9582    0.5967     0.059  0.009791   0.03497
   220/299    0.981G   0.03263    0.0049   0.00132   0.03885        10       640    0.9463    0.8956     0.958    0.5959   0.05849  0.009939   0.03496
   221/299    0.981G   0.03225  0.004872   0.00118    0.0383        12       640    0.9444     0.911    0.9582     0.588   0.05868   0.01013   0.03508
   222/299    0.981G   0.03255  0.004808  0.001414   0.03878         9       640    0.9375     0.894    0.9562    0.5978   0.05923   0.01021   0.03483
   223/299    0.981G   0.03278   0.00486  0.001696   0.03934        26       640    0.9374    0.9197    0.9583    0.6008   0.05903  0.009885     0.035
   224/299    0.981G   0.03274  0.004962  0.001354   0.03906        20       640    0.9227    0.9234    0.9553    0.5919   0.05932  0.009881   0.03489
   225/299    0.981G   0.03275  0.005137  0.001325   0.03921        21       640    0.9321    0.9099    0.9549    0.5993   0.05903  0.009927   0.03475
   226/299    0.981G   0.03258  0.005032  0.001364   0.03897        21       640    0.9197    0.9236    0.9563    0.5924   0.05875  0.009879   0.03505
   227/299    0.981G   0.03323  0.005129  0.001363   0.03972        19       640    0.9178    0.9229     0.956    0.5995   0.05874  0.009834   0.03492
   228/299    0.981G   0.03294   0.00505   0.00166   0.03965        20       640    0.9271    0.9259    0.9562    0.6001   0.05828  0.009937   0.03467
   229/299    0.981G   0.03238  0.004929  0.001429   0.03874        18       640    0.9233     0.932     0.956    0.5976   0.05823   0.01003   0.03465
   230/299    0.981G   0.03282   0.00497  0.001465   0.03926        15       640     0.938    0.9221     0.955    0.5979   0.05851  0.009968   0.03488
   231/299    0.981G   0.03181  0.005025  0.001428   0.03827        19       640    0.9228    0.9344     0.958    0.5951   0.05875  0.009898   0.03495
   232/299    0.981G   0.03199  0.004878  0.001517   0.03839        12       640    0.9382    0.9221    0.9579    0.6001   0.05832  0.009902   0.03467
   233/299    0.981G   0.03271  0.005039  0.001124   0.03887        25       640    0.9386    0.9196    0.9582     0.603   0.05811  0.009934   0.03465
   234/299    0.981G    0.0323  0.004923  0.001263   0.03848        24       640    0.9219    0.9267    0.9557    0.5982   0.05811   0.01005   0.03486
   235/299    0.981G   0.03221   0.00508  0.001469   0.03876         6       640    0.9394    0.9179    0.9586    0.6028   0.05781   0.01007   0.03451
   236/299    0.981G   0.03206  0.004979  0.001421   0.03846         8       640     0.937    0.9243    0.9581    0.5973   0.05805   0.01012   0.03437
   237/299    0.981G   0.03291  0.004972  0.001589   0.03947         9       640    0.9305    0.9289    0.9584    0.6033   0.05806   0.01003   0.03449
   238/299    0.981G   0.03235  0.005079  0.001512   0.03894        13       640    0.9154     0.936    0.9576    0.5931   0.05821  0.009961   0.03477
   239/299    0.981G   0.03161  0.004929  0.001819   0.03836        12       640    0.9312    0.9174    0.9579     0.602   0.05809  0.009958   0.03474
   240/299    0.981G   0.03198  0.004947  0.001525   0.03845        12       640    0.9396    0.9167    0.9588    0.5989   0.05789  0.009995   0.03457
   241/299    0.981G   0.03235   0.00495  0.001308   0.03861        12       640    0.9309    0.9288    0.9591    0.6089     0.058  0.009889   0.03459
   242/299    0.981G   0.03233  0.004896  0.001601   0.03883        11       640    0.9361    0.9172    0.9576    0.6028   0.05788   0.00992   0.03465
   243/299    0.981G   0.03236  0.005042    0.0015    0.0389        10       640    0.9361    0.9226    0.9589    0.6046   0.05791  0.009905   0.03472
   244/299    0.981G     0.032  0.005038  0.001403   0.03844        13       640    0.9353    0.9216    0.9584    0.6044   0.05789  0.009932   0.03468
   245/299    0.981G   0.03197  0.004891  0.001277   0.03814        17       640    0.9398    0.9182    0.9596    0.5991   0.05805   0.00991   0.03483
   246/299    0.981G   0.03204  0.005133  0.001393   0.03856        11       640    0.9327    0.9241    0.9598    0.6025   0.05771  0.009967   0.03447
   247/299    0.981G   0.03227   0.00503   0.00134   0.03864        14       640    0.9199    0.9383     0.957    0.5959   0.05779  0.009995   0.03462
   248/299    0.981G   0.03215  0.004941  0.001648   0.03874        23       640    0.9453    0.9212      0.96    0.6082     0.058  0.009884   0.03476
   249/299    0.981G   0.03225  0.004913  0.001533   0.03869        12       640    0.9361    0.9203    0.9609    0.6073   0.05753   0.01001   0.03447
   250/299    0.981G   0.03144  0.004884  0.001273    0.0376        16       640    0.9292    0.9283    0.9612    0.6081   0.05762  0.009964   0.03465
   251/299    0.981G   0.03115   0.00496  0.001274   0.03738        32       640    0.9336     0.925    0.9616    0.6118   0.05762   0.00993    0.0346
   252/299    0.981G    0.0318   0.00509  0.001511    0.0384        12       640    0.9405    0.9355    0.9646     0.616   0.05785  0.009909   0.03456
   253/299    0.981G   0.03224  0.005006   0.00133   0.03858        14       640    0.9486    0.9285    0.9648    0.6169    0.0578  0.009889   0.03465
   254/299    0.981G   0.03193  0.005069  0.001222   0.03822        26       640    0.9249    0.9311    0.9608     0.613   0.05764  0.009909   0.03461
   255/299    0.981G   0.03191  0.005084  0.001478   0.03847        20       640    0.9303    0.9291     0.961     0.608   0.05763  0.009928   0.03449
   256/299    0.981G   0.03238  0.005028  0.001596     0.039        16       640    0.9312    0.9211     0.961     0.606   0.05766  0.009936   0.03453
   257/299    0.981G   0.03207  0.005068   0.00143   0.03856        16       640    0.9368    0.9205    0.9617    0.6125   0.05775  0.009889   0.03461
   258/299    0.981G   0.03124  0.004993  0.001264    0.0375         7       640    0.9324    0.9248    0.9618    0.6065   0.05774  0.009892   0.03463
   259/299    0.981G   0.03132  0.004925  0.001107   0.03736        17       640    0.9324     0.931      0.96    0.6042   0.05778  0.009911   0.03474
   260/299    0.981G   0.03172   0.00484  0.001291   0.03786        14       640    0.9346    0.9312     0.961    0.6052   0.05769  0.009921   0.03461
   261/299    0.981G   0.03166  0.004971  0.001195   0.03783        15       640    0.9366    0.9279     0.959    0.6042   0.05763  0.009958   0.03459
   262/299    0.981G   0.03193  0.005096  0.001423   0.03845        11       640    0.9372    0.9266    0.9591    0.6039   0.05761   0.00992   0.03453
   263/299    0.981G   0.03168  0.005005  0.001444   0.03813        20       640    0.9385    0.9261    0.9592      0.61   0.05762  0.009889   0.03455
   264/299    0.981G   0.03165  0.004911  0.001563   0.03812        14       640    0.9363    0.9232      0.96    0.6105    0.0576  0.009885    0.0345
   265/299    0.981G   0.03125  0.005073  0.001308   0.03763         7       640    0.9336     0.926    0.9592    0.6117   0.05755  0.009891   0.03458
   266/299    0.981G   0.03116  0.005005  0.001375   0.03754        14       640    0.9386    0.9269    0.9614     0.614   0.05759  0.009869   0.03454
   267/299    0.981G   0.03168   0.00512  0.001499    0.0383        15       640    0.9435    0.9263    0.9624    0.6098   0.05761  0.009844   0.03457
   268/299    0.981G   0.03156  0.005111   0.00117   0.03784        23       640     0.934    0.9334    0.9624    0.6101   0.05767  0.009821   0.03455
   269/299    0.981G   0.03247  0.005064    0.0014   0.03893        12       640    0.9315    0.9349     0.963    0.6084   0.05753  0.009841   0.03446
   270/299    0.981G   0.03144  0.005147  0.001457   0.03804        12       640    0.9353    0.9338    0.9618    0.6065    0.0575  0.009829   0.03451
   271/299    0.981G   0.03175  0.004989  0.001444   0.03819        19       640    0.9276    0.9354    0.9619    0.6109   0.05748  0.009833   0.03443
   272/299    0.981G    0.0314  0.005203  0.001373   0.03798        16       640    0.9322    0.9321    0.9603    0.6071   0.05745  0.009849   0.03453
   273/299    0.981G   0.03198  0.005166  0.001356   0.03851        22       640    0.9331    0.9303    0.9606    0.6045   0.05744  0.009845   0.03451
   274/299    0.981G   0.03137  0.004962  0.001229   0.03756         8       640    0.9395    0.9254    0.9607    0.6086   0.05746  0.009804   0.03452
   275/299    0.981G   0.03168  0.004912  0.001421   0.03801        14       640    0.9376    0.9275    0.9607    0.6092   0.05741  0.009791   0.03448
   276/299    0.981G   0.03142  0.005142   0.00128   0.03784        19       640    0.9303    0.9339    0.9611    0.6077   0.05736  0.009804   0.03452
   277/299    0.981G   0.03134  0.004917  0.001691   0.03795        10       640    0.9424    0.9254    0.9613    0.6094   0.05729  0.009814   0.03441
   278/299    0.981G    0.0314  0.004972  0.001421   0.03779        20       640    0.9396    0.9286    0.9616      0.61   0.05723  0.009831    0.0343
   279/299    0.981G   0.03148  0.005108  0.001265   0.03785        14       640    0.9402    0.9291    0.9613    0.6099   0.05725   0.00983   0.03429
   280/299    0.981G   0.03152  0.005054  0.001398   0.03797        11       640    0.9394    0.9304    0.9614    0.6095   0.05723  0.009823   0.03429
   281/299    0.981G   0.03149  0.005056  0.001173   0.03772        28       640    0.9436    0.9244    0.9613    0.6087   0.05717  0.009833   0.03429
   282/299    0.981G   0.03144  0.004931  0.001322   0.03769        11       640    0.9428    0.9253    0.9616    0.6098   0.05719  0.009833   0.03435
   283/299    0.981G   0.03096  0.004988  0.001346   0.03729        11       640     0.943    0.9265    0.9616    0.6099   0.05717  0.009843    0.0343
   284/299    0.981G   0.03143  0.005024  0.001281   0.03774        18       640    0.9406    0.9266    0.9618    0.6105   0.05718  0.009839   0.03434
   285/299    0.981G   0.03086  0.005164  0.001282   0.03731        10       640    0.9447    0.9235    0.9613    0.6116    0.0572  0.009831   0.03436
   286/299    0.981G   0.03059  0.005028  0.001188   0.03681         6       640    0.9436     0.925    0.9612    0.6109   0.05722  0.009816   0.03434
   287/299    0.981G    0.0311    0.0049  0.001366   0.03736        18       640    0.9537    0.9176     0.961    0.6116   0.05721  0.009803   0.03433
   288/299    0.981G   0.03131  0.004841  0.001531   0.03768        17       640    0.9371    0.9307     0.961    0.6085   0.05717  0.009809   0.03433
   289/299    0.981G   0.03108  0.004911  0.001633   0.03762        11       640    0.9383    0.9303    0.9607    0.6103    0.0572  0.009792   0.03432
   290/299    0.981G   0.03147  0.005027  0.001326   0.03782        17       640    0.9392    0.9295    0.9613    0.6119   0.05721  0.009789   0.03436
   291/299    0.981G   0.03143  0.005085  0.001255   0.03777        12       640    0.9348    0.9354    0.9618    0.6101   0.05719  0.009789   0.03436
   292/299    0.981G   0.03153  0.005086  0.001242   0.03785        19       640     0.939    0.9307    0.9612    0.6101   0.05713  0.009813   0.03431
   293/299    0.981G   0.03128     0.005   0.00113   0.03741        14       640    0.9351    0.9357    0.9617    0.6105   0.05717  0.009798   0.03431
   294/299    0.981G   0.03091  0.005044  0.001317   0.03727        19       640     0.934    0.9358    0.9616      0.61   0.05714  0.009803   0.03432
   295/299    0.981G   0.03152   0.00505  0.001466   0.03803        18       640    0.9366    0.9333    0.9611    0.6102   0.05712  0.009807    0.0343
   296/299    0.981G   0.03083  0.005025  0.001186   0.03704        20       640    0.9389    0.9316    0.9613    0.6143   0.05706   0.00982   0.03426
   297/299    0.981G   0.03093   0.00488  0.001058   0.03686        10       640    0.9339    0.9355    0.9613    0.6138   0.05706  0.009819   0.03427
   298/299    0.981G   0.03096  0.004992   0.00128   0.03723        14       640    0.9334    0.9366    0.9618    0.6122   0.05707  0.009812   0.03427
   299/299    0.981G    0.0314  0.005136  0.001472     0.038        26       640    0.9316    0.9375    0.9624    0.6124   0.05707  0.009802   0.03427
