     0/199      0.6G   0.07798   0.01396   0.04882    0.1408        19       640 0.0002227   0.02365 0.0001839 5.488e-05    0.0999   0.01463   0.04485
     1/199     2.82G   0.07429   0.00859   0.03396    0.1168        14       640 0.0005382   0.09825 0.0001231 2.022e-05   0.09949   0.01493   0.04604
     2/199     3.41G   0.06752  0.008395   0.02792    0.1038         9       640    0.7716   0.03692   0.01249  0.002904   0.09254    0.0161   0.04412
     3/199     3.41G   0.06426  0.008117   0.02436   0.09674         8       640    0.9307   0.03703   0.03587  0.007094   0.09193   0.01623   0.04374
     4/199     3.41G   0.06191  0.007981   0.02119   0.09108        11       640    0.6773   0.02629   0.02742  0.006336   0.09757   0.01517   0.07039
     5/199     3.41G   0.06072  0.007239   0.01933   0.08729        29       640   0.02169   0.09976  0.003804 0.0008045    0.1187   0.01094    0.1236
     6/199     3.41G   0.05997  0.006733   0.01661   0.08332        18       640     0.659    0.1405    0.1177   0.02767   0.08694   0.01663   0.04093
     7/199     3.41G   0.05911  0.006765   0.01461   0.08048        15       640    0.7955    0.1877    0.1985   0.05989   0.08646   0.01402   0.04125
     8/199     3.41G   0.05653  0.006757   0.01214   0.07543         9       640    0.8511    0.2085    0.2106   0.06159    0.0838   0.01407   0.04625
     9/199     3.41G   0.05426  0.006782  0.009205   0.07025        14       640    0.5184    0.2844    0.3103   0.07946   0.08363    0.0125   0.04938
    10/199     3.41G   0.05318  0.006709  0.007947   0.06784         8       640    0.3389    0.4743    0.4102    0.1484   0.07883   0.01482   0.04558
    11/199     3.41G   0.05181  0.006701  0.007339   0.06585        15       640    0.4643   0.04326   0.04179   0.01238   0.09256   0.01617   0.09242
    12/199     3.41G   0.04973  0.006472  0.006202   0.06241        19       640    0.5212     0.529    0.4786    0.1329   0.08121   0.01332   0.04481
    13/199     3.41G   0.04877  0.006481  0.005969   0.06122        28       640     0.627    0.6668     0.636     0.268   0.07711   0.01279   0.04275
    14/199     3.41G    0.0485  0.006571  0.005487   0.06055        17       640    0.3759    0.3882    0.3115   0.09159   0.08266   0.01554   0.04504
    15/199     3.41G   0.04805  0.006342  0.005035   0.05942        14       640    0.6742    0.6675    0.6538    0.2399   0.07141   0.01283   0.04243
    16/199     3.41G   0.04699  0.006342  0.004672     0.058        12       640    0.6895    0.7231    0.7356     0.293    0.0741   0.01284   0.03793
    17/199     3.41G   0.04741   0.00598  0.005272   0.05866        11       640    0.2592    0.3002    0.2484   0.07057   0.09117   0.01559   0.07415
    18/199     3.41G   0.04579  0.006081  0.004163   0.05603        13       640    0.7523    0.6339    0.6994    0.3051   0.07113   0.01315   0.04403
    19/199     3.41G   0.04504  0.006168  0.004025   0.05523        22       640    0.6783    0.7893    0.7769      0.36   0.07043   0.01259   0.03976
    20/199     3.41G   0.04468  0.006215  0.003517   0.05441         6       640    0.6827    0.3935    0.4726    0.1725   0.08055   0.01342   0.04691
    21/199     3.41G   0.04371  0.006113  0.003524   0.05335        17       640    0.5777     0.726    0.7121    0.3379   0.07238   0.01319   0.04135
    22/199     3.41G    0.0438  0.005982  0.003374   0.05316        12       640    0.3575    0.2572    0.2632   0.08822   0.08026   0.01533   0.05983
    23/199     3.41G    0.0429  0.006176  0.003129    0.0522        14       640    0.6204    0.1822    0.2515   0.09634   0.09023   0.01621   0.06672
    24/199     3.41G   0.04222  0.005883  0.003414   0.05152        13       640    0.6386    0.7597    0.7356    0.3722   0.06809   0.01251   0.03573
    25/199     3.41G   0.04332  0.006189  0.003952   0.05346        15       640    0.3736    0.4479    0.4118     0.154   0.08067    0.0145   0.05475
    26/199     3.41G   0.04208  0.006044  0.002569   0.05069         9       640    0.5605    0.4333    0.4696    0.2199   0.07161   0.01509   0.04646
    27/199     3.41G   0.04167  0.005983  0.003264   0.05092        16       640    0.7606    0.8436    0.8263    0.4224   0.06473   0.01182   0.03291
    28/199     3.41G   0.04142  0.005982  0.002954   0.05035        10       640    0.8261    0.7742    0.8283    0.4041   0.06391   0.01101   0.03586
    29/199     3.41G    0.0415  0.006026  0.002947   0.05047        12       640    0.7072    0.7333    0.7505    0.3484   0.06459   0.01292   0.04142
    30/199     3.41G   0.04073  0.005884   0.00259   0.04921        20       640    0.7625    0.8047     0.814    0.4009   0.06415   0.01169   0.03703
    31/199     3.41G   0.03961    0.0059  0.002062   0.04757        16       640    0.7963    0.6673    0.7685    0.3352   0.06564   0.01267   0.03466
    32/199     3.41G   0.03939  0.005957  0.002679   0.04803        15       640    0.7792    0.7973    0.8605    0.4124   0.06449   0.01052   0.03525
    33/199     3.41G   0.03953  0.005854  0.002912   0.04829        18       640    0.7252    0.4712    0.6205    0.2698   0.06978   0.01381   0.04184
    34/199     3.41G   0.03918  0.005785  0.002526   0.04749        14       640    0.7688    0.8656    0.8968    0.4744   0.05848   0.01083   0.03308
    35/199     3.41G   0.03889  0.005936  0.002715   0.04754        12       640    0.7396    0.7651    0.7886    0.3579   0.06481   0.01104   0.03686
    36/199     3.41G   0.03946  0.005999  0.002899   0.04836        15       640    0.2836    0.4082    0.3198    0.1141   0.07987   0.02431   0.05887
    37/199     3.41G   0.03853  0.005757  0.002329   0.04662        12       640    0.7745    0.2476    0.3394    0.1741   0.07792   0.01428    0.0471
    38/199     3.41G   0.03765  0.005836  0.001858   0.04535        10       640    0.8117    0.8538    0.8775    0.4505   0.05764   0.01095   0.03298
    39/199     3.41G   0.03763  0.005679  0.001989   0.04529        10       640    0.7821    0.7218    0.8262     0.362   0.06644   0.01123   0.03773
    40/199     3.41G   0.03845  0.005679   0.00271   0.04684         4       640    0.8255    0.8507    0.8908    0.4877   0.05813   0.01119    0.0326
    41/199     3.41G   0.03787  0.005617  0.002045   0.04554        17       640    0.8068    0.2147    0.2637    0.1047   0.08663     0.016   0.05748
    42/199     3.41G   0.03768  0.005822  0.002214   0.04572        17       640    0.4337    0.2616    0.2997    0.1343   0.07931   0.01658   0.05332
    43/199     3.41G   0.03733  0.005632  0.001971   0.04494        16       640    0.8994    0.8685    0.9193    0.5302   0.05465   0.01034   0.03371
    44/199     3.41G   0.03611   0.00564  0.001668   0.04342        16       640    0.8798    0.8506    0.9125    0.4844   0.05547   0.01041    0.0345
    45/199     3.41G   0.03651  0.005689  0.002031   0.04423        16       640    0.8691    0.8756    0.8965    0.4784   0.05518   0.01096   0.03688
    46/199     3.41G   0.03665  0.005813   0.00196   0.04442        14       640    0.7956    0.8485    0.8974    0.4922   0.05523   0.01156    0.0352
    47/199     3.41G   0.03696    0.0056  0.001955   0.04451        10       640    0.8861    0.9319    0.9434    0.5277   0.05525   0.01018   0.03384
    48/199     3.41G   0.03528  0.005659  0.002029   0.04297        20       640    0.5778    0.4453    0.5181    0.2489   0.07025   0.01507   0.05297
    49/199     3.41G   0.03583  0.005583  0.001943   0.04335         9       640    0.7224    0.4777    0.5918    0.2519   0.06819   0.01302   0.04764
    50/199     3.41G   0.03567   0.00552  0.001818   0.04301        14       640    0.8248      0.85    0.9105    0.4961   0.05634   0.01066   0.03644
    51/199     3.41G   0.03588  0.005646  0.002278   0.04381        16       640    0.8603    0.8497    0.9028    0.4917   0.05711   0.01039    0.0365
    52/199     3.41G    0.0354   0.00541  0.001777   0.04259        16       640    0.9395    0.8569    0.9264    0.5169   0.05286   0.01053   0.03367
    53/199     3.41G   0.03597  0.005583  0.003156   0.04471        10       640    0.3989     0.578    0.4836    0.1664   0.07548    0.0186   0.05771
    54/199     3.41G   0.03626  0.005511  0.002317   0.04409        15       640    0.8788    0.8382     0.922    0.4477   0.05478   0.01058   0.03439
    55/199     3.41G   0.03516  0.005398  0.001802   0.04236        13       640    0.8472    0.8512    0.9039    0.5001   0.05739   0.01182   0.03598
    56/199     3.41G   0.03516  0.005356  0.002334   0.04285        22       640     0.923    0.9171    0.9522    0.5469    0.0521  0.009736   0.03314
    57/199     3.41G   0.03494  0.005721  0.002449   0.04311        11       640    0.8608    0.8569    0.8919     0.505   0.05591   0.01031   0.03276
    58/199     3.41G    0.0351  0.005471   0.00164   0.04222        14       640    0.7727    0.8503    0.8655    0.4836    0.0557   0.01075   0.03496
    59/199     3.41G   0.03424  0.005655   0.00206   0.04195        15       640    0.8341    0.7882    0.8998    0.4698   0.05532   0.01118   0.03684
    60/199     3.41G    0.0341  0.005491  0.001562   0.04115        17       640    0.8748    0.9202    0.9374    0.5445   0.05311   0.01045   0.03471
    61/199     3.41G   0.03421  0.005415  0.001549   0.04117        13       640     0.905    0.9274    0.9533    0.5249   0.05197   0.01007   0.03496
    62/199     3.41G   0.03476  0.005394  0.001727   0.04188        12       640    0.8839    0.9238    0.9446    0.5625   0.05075  0.009998   0.03323
    63/199     3.41G   0.03329  0.005442  0.001551   0.04029        12       640    0.8124    0.7007    0.7645    0.4161   0.05842   0.01362   0.03848
    64/199     3.41G   0.03357  0.005419  0.002088   0.04108        14       640    0.8948    0.9436    0.9496    0.5322   0.05018   0.01014   0.03409
    65/199     3.41G   0.03372  0.005321  0.001634   0.04068        14       640    0.9349    0.9224    0.9577    0.5863   0.04911  0.009991   0.03331
    66/199     3.41G   0.03336   0.00515  0.001336   0.03985        13       640    0.9321    0.9334    0.9634    0.6048   0.05059  0.009879   0.03512
    67/199     3.41G   0.03322  0.005399  0.001662   0.04028        15       640    0.8978    0.8858    0.9297    0.5605   0.04997   0.01052   0.03454
    68/199     3.41G    0.0326  0.005362  0.001554   0.03952        23       640    0.6778    0.7425    0.7359    0.3712   0.05907   0.01277   0.03411
    69/199     3.41G   0.03246  0.005189  0.001319   0.03897        14       640    0.9151    0.9003    0.9458    0.5796   0.04969   0.01031   0.03473
    70/199     3.41G   0.03233  0.005371   0.00158   0.03928        25       640    0.8903    0.9171     0.959    0.5946   0.04828   0.01051   0.03404
    71/199     3.41G   0.03237  0.005363  0.001365    0.0391        18       640    0.7343    0.6351    0.7799    0.3845   0.06339   0.01229   0.03548
    72/199     3.41G    0.0332  0.005181  0.001409   0.03979        21       640    0.9014      0.96    0.9667    0.5659   0.04822  0.009747   0.03367
    73/199     3.41G   0.03309  0.005189  0.001648   0.03993         9       640    0.9033    0.9255    0.9503    0.5565   0.04957   0.01023   0.03436
    74/199     3.41G   0.03249  0.005244  0.001358   0.03909        13       640    0.9373    0.9213    0.9578    0.5855   0.04761   0.01017   0.03321
    75/199     3.41G   0.03277  0.005383  0.001288   0.03944        14       640    0.9366    0.9413    0.9627    0.5925    0.0504  0.009546   0.03336
    76/199     3.41G   0.03179  0.005211  0.001526   0.03853        13       640    0.8566    0.8528    0.9195    0.5182   0.05415   0.01104   0.03367
    77/199     3.41G   0.03191  0.005336  0.001359    0.0386        16       640    0.9404      0.87    0.9471    0.5726   0.04922  0.009866   0.03335
    78/199     3.41G   0.03199   0.00529  0.001131   0.03841        12       640    0.9439    0.8943    0.9604    0.6093   0.04722   0.01014   0.03411
    79/199     3.41G   0.03197  0.005233  0.001119   0.03832        10       640    0.9256    0.9544     0.968    0.5745   0.04856  0.009412   0.03375
    80/199     3.41G   0.03189  0.005216  0.001304   0.03841        12       640    0.9612    0.9207    0.9708     0.613   0.04656  0.009308   0.03489
    81/199     3.41G   0.03245  0.005289  0.001522   0.03926        11       640    0.9339    0.9395    0.9706    0.6272   0.04707  0.009676   0.03546
    82/199     3.41G   0.03234  0.005166  0.002154   0.03966         7       640     0.861    0.8273     0.859    0.5054   0.05103   0.01036   0.03588
    83/199     3.41G   0.03158  0.005217   0.00135   0.03815        14       640    0.9178    0.9083     0.951    0.5702    0.0509  0.009753   0.03438
    84/199     3.41G   0.03205  0.005004   0.00146   0.03851        15       640    0.9351    0.9088    0.9656    0.6007   0.04657   0.01027   0.03363
    85/199     3.41G   0.03215  0.005154  0.001348   0.03866        13       640    0.9483    0.9566    0.9768    0.6148   0.04831  0.009223   0.03394
    86/199     3.41G   0.03064  0.005148  0.001445   0.03724        10       640    0.9323    0.9415    0.9578    0.6108   0.04693  0.009286   0.03373
    87/199     3.41G   0.03056  0.005208  0.001405   0.03717        17       640    0.9438     0.937     0.963    0.6138   0.04707  0.009711   0.03383
    88/199     3.41G   0.03097  0.004997  0.001568   0.03754        14       640    0.9295    0.9506    0.9653    0.6043   0.04633  0.009644    0.0331
    89/199     3.41G   0.03096  0.005176  0.001464    0.0376         8       640    0.9243    0.9484    0.9611    0.6116   0.04576  0.009256   0.03335
    90/199     3.41G   0.03063  0.004931 0.0009972   0.03656        16       640    0.9326    0.9216    0.9536    0.6151   0.04742  0.009727    0.0321
    91/199     3.41G   0.03032  0.005207  0.001591   0.03712        16       640    0.9543    0.9415    0.9687    0.6317   0.04575  0.009043    0.0326
    92/199     3.41G    0.0307  0.004963  0.001274   0.03694        19       640     0.914    0.9589    0.9625    0.6103   0.04537    0.0095   0.03303
    93/199     3.41G   0.03069  0.005123  0.001249   0.03706        17       640    0.9492    0.9417    0.9684    0.6245   0.04482  0.009301   0.03353
    94/199     3.41G   0.03054  0.005108  0.001248    0.0369        18       640     0.933    0.9439     0.955    0.5818   0.04805  0.009757   0.03288
    95/199     3.41G   0.03092  0.004941 0.0008706   0.03673        13       640    0.9465    0.9374     0.961    0.6294   0.04483  0.009374   0.03291
    96/199     3.41G   0.03038  0.005001  0.001145   0.03652        12       640    0.9452    0.9241    0.9596    0.6038   0.04711  0.009666   0.03317
    97/199     3.41G   0.02961  0.004877 0.0009311   0.03542         7       640    0.9353    0.9476    0.9651    0.5706    0.0485  0.009692   0.03273
    98/199     3.41G   0.02978  0.005038 0.0009333   0.03575        15       640    0.9559    0.9283    0.9742    0.6232   0.04454   0.00995   0.03319
    99/199     3.41G   0.02908  0.005072  0.001115   0.03527         6       640    0.9396    0.9628    0.9765    0.6287   0.04587  0.009118    0.0342
   100/199     3.41G   0.02952  0.005041  0.001085   0.03565         9       640    0.9473    0.9195    0.9697     0.614   0.04456  0.009457   0.03284
   101/199     3.41G   0.02993  0.004908  0.001076   0.03591        13       640    0.9333    0.9489    0.9737    0.6321    0.0443  0.009228   0.03445
   102/199     3.41G   0.02979   0.00496 0.0009158   0.03566        13       640    0.9391     0.941    0.9686    0.6043   0.04535  0.009018   0.03394
   103/199     3.41G   0.02974  0.005011  0.001183   0.03594        17       640    0.9451    0.9594    0.9748    0.6114   0.04688  0.009563   0.03224
   104/199     3.41G   0.03008  0.005134  0.001081   0.03629        13       640    0.9526     0.943    0.9764    0.6011   0.04503  0.009353   0.03405
   105/199     3.41G    0.0308  0.005077  0.001435   0.03732        14       640    0.9419    0.9547    0.9757    0.6305   0.04303  0.009534   0.03487
   106/199     3.41G   0.02961  0.005012  0.001295   0.03592         8       640    0.9513    0.9411    0.9743    0.6438   0.04391  0.009184   0.03409
   107/199     3.41G    0.0292  0.004858 0.0009109   0.03497         8       640    0.9593    0.9526    0.9812    0.6278   0.04475  0.009275   0.03361
   108/199     3.41G   0.02919  0.004872   0.00105   0.03511        15       640     0.958    0.9477    0.9764    0.6333   0.04498  0.009369   0.03289
   109/199     3.41G    0.0302  0.004889 0.0009617   0.03605        17       640    0.9427    0.9445    0.9761    0.6417   0.04455  0.009057   0.03304
   110/199     3.41G    0.0293  0.004945 0.0009565   0.03521         8       640    0.8633    0.9426    0.9611    0.6076   0.04792   0.01058    0.0341
   111/199     3.41G   0.02929  0.004911 0.0008794   0.03509        16       640    0.9455    0.9567     0.981     0.637   0.04317  0.009314    0.0329
   112/199     3.41G   0.02905  0.004931 0.0009695   0.03495        14       640    0.9399    0.9598    0.9816    0.6325   0.04348  0.009388   0.03311
   113/199     3.41G    0.0292  0.004949   0.00092   0.03506         5       640    0.9343    0.9707    0.9809    0.6412   0.04297  0.009304   0.03301
   114/199     3.41G   0.02947  0.004945  0.001349   0.03576         8       640    0.9335    0.9508    0.9689    0.6258   0.04408  0.009267   0.03332
   115/199     3.41G   0.02882  0.005003 0.0008028   0.03463        14       640    0.9458    0.9511    0.9783    0.6307    0.0428  0.009115   0.03319
   116/199     3.41G   0.02863  0.004903 0.0007899   0.03433        15       640    0.9538    0.9518    0.9817    0.6444   0.04454  0.009333   0.03383
   117/199     3.41G   0.02862  0.004977  0.001538   0.03513        39       640    0.9574    0.9457    0.9732    0.6451    0.0429  0.009067   0.03362
   118/199     3.41G   0.02906  0.004818  0.001206   0.03509        15       640     0.948    0.9358    0.9754    0.6384   0.04278  0.009391   0.03317
   119/199     3.41G   0.02922  0.004836  0.001299   0.03536        17       640     0.956    0.9444    0.9834    0.6323   0.04216  0.009119   0.03292
   120/199     3.41G   0.02805  0.004919 0.0009568   0.03392        17       640    0.9558    0.9277    0.9813    0.6331   0.04491  0.009725   0.03415
   121/199     3.41G   0.02845  0.004876  0.000887   0.03421         4       640     0.951     0.945    0.9775    0.6518   0.04328  0.008925   0.03393
   122/199     3.41G   0.02815  0.004891 0.0008393   0.03388        14       640    0.9428    0.9716     0.984    0.6516   0.04307  0.009016   0.03367
   123/199     3.41G   0.02811  0.004824  0.001287   0.03422        10       640    0.9527    0.9591    0.9841      0.64   0.04334  0.009174   0.03451
   124/199     3.41G   0.02846  0.004783  0.001028   0.03427        10       640    0.9512    0.9449    0.9803    0.6506   0.04262  0.009291   0.03403
   125/199     3.41G   0.02791  0.004962 0.0009414   0.03381        19       640    0.9547    0.9385    0.9765    0.6529     0.043  0.008988    0.0346
   126/199     3.41G   0.02849  0.004807 0.0008844   0.03418        19       640    0.9546    0.9397    0.9782    0.6531   0.04182  0.009483   0.03405
   127/199     3.41G   0.02869  0.004982  0.001632    0.0353        11       640    0.9439     0.955    0.9778    0.6471    0.0429  0.009175   0.03419
   128/199     3.41G   0.02794  0.004911 0.0008948   0.03375        12       640    0.9313    0.9587    0.9744    0.6632   0.04184  0.009044   0.03362
   129/199     3.41G   0.02835  0.004914  0.001414   0.03468        17       640    0.9365     0.938    0.9693    0.6209   0.04453  0.009329   0.03472
   130/199     3.41G   0.02845  0.004876  0.001306   0.03463        16       640    0.9471    0.9396    0.9797    0.6482    0.0441   0.00942   0.03312
   131/199     3.41G   0.02762  0.004894 0.0009675   0.03349        11       640    0.9536    0.9519    0.9801     0.658   0.04216  0.009064    0.0339
   132/199     3.41G   0.02783  0.004853  0.001032   0.03371        18       640    0.9571    0.9588    0.9839    0.6606    0.0421   0.00913   0.03464
   133/199     3.41G   0.02704  0.004879  0.001058   0.03298        27       640    0.9537    0.9578    0.9841    0.6647   0.04227  0.009014   0.03463
   134/199     3.41G   0.02746  0.004731 0.0009555   0.03314        29       640    0.9521    0.9518    0.9826    0.6736   0.04135  0.009215   0.03437
   135/199     3.41G   0.02761  0.004786 0.0007524   0.03315        10       640    0.9425    0.9514    0.9842    0.6667    0.0415  0.009127    0.0348
   136/199     3.41G   0.02764  0.004839 0.0008947   0.03338        14       640    0.9438    0.9633    0.9797    0.6573   0.04245  0.009199   0.03428
   137/199     3.41G   0.02792  0.004895 0.0008524   0.03367        16       640    0.9497    0.9715    0.9836    0.6542   0.04284  0.008957   0.03498
   138/199     3.41G   0.02786  0.004845 0.0008888    0.0336        16       640    0.9535    0.9521    0.9804    0.6505   0.04244   0.00898   0.03507
   139/199     3.41G   0.02736  0.004735  0.001207    0.0333         9       640    0.9544    0.9573    0.9835    0.6524   0.04189  0.009433    0.0351
   140/199     3.41G   0.02799  0.004783 0.0009437   0.03372        15       640    0.9293    0.9697    0.9794    0.6521   0.04179  0.009039   0.03434
   141/199     3.41G   0.02695  0.004759 0.0009259   0.03263        14       640    0.9395    0.9777    0.9852    0.6545   0.04123  0.009012   0.03463
   142/199     3.41G   0.02768  0.004767 0.0006586    0.0331        18       640    0.9547     0.964    0.9836    0.6546   0.04139  0.008981   0.03478
   143/199     3.41G   0.02714  0.004739 0.0009797   0.03286        16       640     0.949    0.9624    0.9833    0.6551   0.04031  0.009373   0.03432
   144/199     3.41G   0.02786  0.004782 0.0008452   0.03348        15       640     0.948     0.959    0.9844    0.6598   0.04082  0.009319   0.03425
   145/199     3.41G   0.02707  0.004665 0.0006916   0.03243        29       640    0.9597    0.9571    0.9846    0.6648   0.04143  0.009134   0.03444
   146/199     3.41G   0.02635  0.004846 0.0007077    0.0319        17       640    0.9557    0.9621    0.9844     0.654   0.04179  0.009153     0.034
   147/199     3.41G   0.02661  0.004734 0.0007849   0.03213        16       640    0.9467    0.9743    0.9837    0.6661   0.04081  0.009149   0.03429
   148/199     3.41G   0.02638  0.004696 0.0006352   0.03171         8       640    0.9471    0.9691    0.9836    0.6654   0.04137  0.009076   0.03415
   149/199     3.41G   0.02659  0.004583 0.0007967   0.03197        13       640    0.9565    0.9267    0.9804    0.6423   0.04374  0.009799   0.03464
   150/199     3.41G   0.02648  0.004668 0.0005912   0.03173        11       640    0.9472    0.9707    0.9852    0.6683   0.04139  0.009079   0.03444
   151/199     3.41G   0.02696  0.004581 0.0006623    0.0322        19       640    0.9526    0.9658     0.985    0.6571   0.04083  0.008997   0.03459
   152/199     3.41G    0.0266   0.00475 0.0007574    0.0321        20       640     0.942    0.9677    0.9831    0.6593   0.04043  0.009441   0.03453
   153/199     3.41G   0.02626  0.004696 0.0007483   0.03171        21       640    0.9504    0.9677    0.9845    0.6693   0.04027  0.009061   0.03443
   154/199     3.41G    0.0259  0.004663 0.0006825   0.03125        18       640    0.9588    0.9531    0.9845    0.6705    0.0402  0.009219   0.03504
   155/199     3.41G   0.02631  0.004554 0.0007935   0.03166        30       640    0.9471    0.9624     0.985    0.6607   0.04009  0.009164   0.03571
   156/199     3.41G   0.02651  0.004782  0.001022   0.03231        10       640    0.9499     0.969    0.9859    0.6605   0.04088  0.009074   0.03541
   157/199     3.41G   0.02653  0.004789 0.0007839    0.0321        17       640    0.9513    0.9615    0.9855    0.6726   0.04025  0.009226   0.03538
   158/199     3.41G    0.0258  0.004671  0.001066   0.03154        17       640    0.9582    0.9564    0.9856    0.6628   0.03996  0.009122   0.03471
   159/199     3.41G   0.02578    0.0047 0.0005232     0.031         9       640    0.9492    0.9612    0.9828    0.6588   0.04087  0.009093   0.03422
   160/199     3.41G    0.0259  0.004658 0.0008778   0.03143        13       640    0.9507    0.9529    0.9804    0.6626   0.04063  0.009054   0.03452
   161/199     3.41G   0.02596  0.004595 0.0008973   0.03145        13       640    0.9496    0.9693    0.9856    0.6597   0.03983   0.00915   0.03496
   162/199     3.41G   0.02592  0.004655 0.0005774   0.03115        16       640    0.9527    0.9655     0.985    0.6722   0.03981  0.009095   0.03515
   163/199     3.41G   0.02623  0.004658 0.0009971   0.03188        16       640    0.9575    0.9616    0.9852    0.6641    0.0398  0.009152   0.03465
   164/199     3.41G   0.02619  0.004683 0.0005783   0.03145        19       640    0.9548    0.9502    0.9849    0.6651   0.03934  0.009434   0.03481
   165/199     3.41G   0.02612  0.004772 0.0006834   0.03157        18       640    0.9509    0.9628    0.9854    0.6696   0.03946  0.009272   0.03529
   166/199     3.41G   0.02584  0.004606 0.0009172   0.03137        14       640    0.9542    0.9664    0.9852    0.6686    0.0395  0.009146   0.03488
   167/199     3.41G   0.02615  0.004564 0.0008937    0.0316        13       640    0.9533    0.9705     0.985    0.6745   0.03872  0.009261   0.03471
   168/199     3.41G   0.02576  0.004529 0.0007003   0.03099        14       640    0.9585    0.9663    0.9867    0.6703   0.03909  0.009302   0.03472
   169/199     3.41G   0.02624  0.004718 0.0007764   0.03173        16       640    0.9557    0.9578    0.9847    0.6601   0.04038  0.009074   0.03451
   170/199     3.41G   0.02568  0.004608 0.0006956   0.03098        16       640    0.9541     0.961    0.9847    0.6632     0.039  0.009213   0.03458
   171/199     3.41G   0.02552  0.004529 0.0006209   0.03067        17       640    0.9523    0.9633    0.9848    0.6545   0.03939  0.009181   0.03457
   172/199     3.41G   0.02564  0.004629   0.00076   0.03103        16       640    0.9513    0.9638    0.9849    0.6622    0.0392  0.009248   0.03458
   173/199     3.41G   0.02568  0.004451 0.0007294   0.03086        12       640    0.9424     0.964    0.9806    0.6569   0.03947   0.00917   0.03432
   174/199     3.41G   0.02565   0.00454 0.0007758   0.03097         5       640    0.9515     0.961    0.9848    0.6546   0.03872  0.009304   0.03462
   175/199     3.41G   0.02552  0.004659 0.0008653   0.03104        17       640    0.9477    0.9652    0.9855    0.6576   0.03906  0.009243   0.03464
   176/199     3.41G   0.02506  0.004591 0.0007366   0.03039        17       640    0.9465    0.9688     0.985     0.656   0.03858  0.009292   0.03468
   177/199     3.41G   0.02575  0.004646  0.001145   0.03154        13       640    0.9474    0.9525    0.9809    0.6692   0.03956  0.009241   0.03435
   178/199     3.41G    0.0256  0.004617 0.0007696   0.03099        25       640    0.9503    0.9485     0.981    0.6722   0.03882  0.009286    0.0343
   179/199     3.41G   0.02555  0.004579 0.0006824   0.03081        10       640    0.9533    0.9623    0.9846    0.6699   0.03869  0.009258    0.0342
   180/199     3.41G   0.02543  0.004661  0.001001   0.03109        13       640    0.9513    0.9655     0.985    0.6717   0.03884  0.009185   0.03409
   181/199     3.41G   0.02561   0.00466 0.0007714   0.03105        14       640    0.9543    0.9572    0.9852    0.6663   0.03904  0.009201   0.03442
   182/199     3.41G   0.02528  0.004561 0.0005545    0.0304        13       640    0.9413    0.9618     0.982    0.6726    0.0385  0.009229   0.03458
   183/199     3.41G   0.02531  0.004579 0.0006549   0.03054        13       640    0.9562    0.9566    0.9854    0.6654   0.03896   0.00918   0.03459
   184/199     3.41G   0.02593   0.00471 0.0006137   0.03125        10       640    0.9525    0.9611     0.985    0.6698   0.03885  0.009114   0.03448
   185/199     3.41G   0.02581  0.004578  0.000867   0.03126        13       640    0.9561    0.9574    0.9856    0.6726   0.03861  0.009217   0.03443
   186/199     3.41G   0.02465  0.004485 0.0007221   0.02985        18       640    0.9499    0.9545    0.9816    0.6754   0.03848  0.009149   0.03445
   187/199     3.41G   0.02505  0.004578 0.0007048   0.03033        13       640    0.9548    0.9591    0.9857    0.6724   0.03879  0.009155   0.03451
   188/199     3.41G   0.02506  0.004686 0.0006541    0.0304        29       640    0.9544    0.9592    0.9861    0.6771   0.03847  0.009214   0.03462
   189/199     3.41G   0.02497  0.004648 0.0009075   0.03053        14       640    0.9515    0.9592     0.986    0.6748   0.03852   0.00924    0.0345
   190/199     3.41G    0.0247  0.004586 0.0007669   0.03005        12       640    0.9512    0.9508    0.9816    0.6735   0.03856   0.00918   0.03448
   191/199     3.41G   0.02504  0.004665 0.0006633   0.03037        11       640    0.9519    0.9512    0.9823    0.6715   0.03863  0.009201   0.03458
   192/199     3.41G   0.02518   0.00464 0.0005585   0.03037        22       640    0.9481    0.9591    0.9824    0.6753   0.03851  0.009187    0.0346
   193/199     3.41G   0.02472  0.004495  0.000641   0.02985        13       640    0.9559    0.9647     0.986    0.6742   0.03829  0.009242   0.03461
   194/199     3.41G   0.02502  0.004657 0.0008161    0.0305        24       640    0.9543    0.9659    0.9861    0.6738   0.03884  0.009189   0.03459
   195/199     3.41G   0.02479  0.004502 0.0004748   0.02976        14       640    0.9468    0.9629    0.9821    0.6756   0.03871   0.00918   0.03449
   196/199     3.41G   0.02502  0.004712 0.0006335   0.03036        19       640    0.9547    0.9658     0.986    0.6784   0.03855  0.009208   0.03453
   197/199     3.41G   0.02529  0.004578 0.0006538   0.03052         8       640    0.9536    0.9644    0.9854    0.6749   0.03837  0.009208   0.03452
   198/199     3.41G   0.02556  0.004594 0.0008523   0.03101        15       640    0.9496    0.9678    0.9856    0.6736   0.03839  0.009169    0.0345
   199/199     3.41G   0.02549  0.004588 0.0007681   0.03085        22       640    0.9519    0.9637    0.9858    0.6749    0.0385  0.009191   0.03444
