     0/199    0.661G   0.08054    0.0134    0.0473    0.1412        10       640 0.0001121    0.1183 8.103e-05 1.213e-05    0.1012   0.01497   0.04421
     1/199     5.96G   0.07516  0.008202   0.03332    0.1167        27       640 0.0001032   0.03716 9.215e-05  3.14e-05    0.1148   0.01023   0.05823
     2/199     6.89G   0.07017  0.008506   0.02823    0.1069        13       640 0.0006652   0.08996 0.0004562 9.798e-05   0.09894   0.01546   0.04374
     3/199     6.89G   0.06667  0.008031   0.02556    0.1003        11       640    0.6526   0.02535   0.01731  0.004497   0.09574   0.01391   0.05022
     4/199     6.89G   0.06499  0.007277   0.02307   0.09533        12       640         0         0         0         0    0.1282  0.005603    0.1266
     5/199     6.89G   0.06357  0.006739   0.01899    0.0893        10       640    0.6896   0.03677   0.03784   0.01277    0.0998    0.0131   0.06634
     6/199     6.89G   0.06175   0.00645   0.01753   0.08572        16       640    0.9352   0.04883    0.0469   0.01108   0.09559   0.01339   0.05665
     7/199     6.89G   0.06084  0.006728   0.01612    0.0837        26       640    0.7486    0.1119   0.09351   0.02373    0.0909   0.01339   0.04614
     8/199     6.89G   0.06071  0.006561   0.01402   0.08129        15       640    0.7355    0.2033    0.1488   0.03648    0.0913   0.01305   0.05595
     9/199     6.89G   0.05825  0.006643    0.0117    0.0766        14       640    0.8195   0.06404   0.05189  0.009657    0.1012   0.01335   0.09117
    10/199     6.89G   0.05616  0.006665  0.009835   0.07266        11       640    0.4569    0.3612    0.2705   0.09534   0.08011   0.01335   0.04528
    11/199     6.89G   0.05591  0.006571  0.009825    0.0723        10       640    0.9012    0.2872    0.3473    0.1128   0.08774   0.01278   0.05728
    12/199     6.89G   0.05441   0.00646  0.008955   0.06982        16       640    0.9943   0.06401   0.07059   0.02633    0.1014   0.01372    0.1087
    13/199     6.89G   0.05521  0.006371  0.007622   0.06921        20       640    0.5751    0.1083   0.09329   0.02965   0.09874   0.01646    0.1008
    14/199     6.89G    0.0528  0.006371  0.006145   0.06531        16       640     0.975   0.07317   0.08941   0.02415    0.1025   0.01145   0.09189
    15/199     6.89G   0.05187   0.00612  0.005485   0.06347         7       640   0.08337   0.08999 0.0009682  0.000502    0.1042   0.01397    0.1323
    16/199     6.89G   0.05168  0.006127  0.005532   0.06334        21       640    0.1251   0.01858 1.092e-05 1.283e-06     0.108   0.01958    0.1023
    17/199     6.89G   0.05079  0.006073  0.005069   0.06194        10       640     0.703    0.1081    0.1123   0.03618    0.1003   0.01686   0.08749
    18/199     6.89G   0.04998  0.006179   0.00524    0.0614        16       640    0.5179    0.5813    0.5342    0.1887   0.07456   0.01209   0.05082
    19/199     6.89G   0.04943  0.005897  0.004571    0.0599         6       640    0.2163    0.1842    0.1042   0.02994   0.09463   0.01498   0.09096
    20/199     6.89G   0.04848  0.005993  0.004862   0.05933        16       640    0.5144    0.1219    0.1196   0.03065    0.0947   0.01553   0.07293
    21/199     6.89G   0.04754  0.005928  0.004142   0.05761        17       640    0.7173    0.7485    0.7372    0.3171   0.07429   0.01068   0.04862
    22/199     6.89G   0.04896  0.005767  0.004372    0.0591         9       640    0.4059    0.1093   0.05213   0.01565    0.1012   0.01272   0.08133
    23/199     6.89G   0.04699  0.005749  0.003675   0.05641        12       640    0.3299    0.4044    0.2852    0.1301    0.0828   0.01524   0.05416
    24/199     6.89G   0.04661  0.005977  0.004602   0.05719        13       640     0.757    0.7634    0.7672    0.3242   0.07019   0.01065   0.04749
    25/199     6.89G   0.04559  0.005719  0.003878   0.05519        12       640     0.457    0.2772    0.3625    0.1571   0.08037   0.02202   0.05091
    26/199     6.89G   0.04554  0.005682  0.003603   0.05483        13       640    0.5029    0.1704    0.1371   0.04935   0.09601   0.01263   0.06599
    27/199     6.89G    0.0459  0.005827  0.003238   0.05497         9       640    0.5318    0.5599    0.5267    0.2158   0.07439    0.0118   0.04849
    28/199     6.89G    0.0443  0.005738  0.003845   0.05388        12       640     0.445    0.4503    0.3487    0.1439   0.07922   0.01384   0.05113
    29/199     6.89G   0.04369  0.005808  0.003221   0.05272        15       640    0.4149     0.303    0.2742     0.107   0.08739   0.01496   0.06032
    30/199     6.89G    0.0433  0.005667  0.003343   0.05231        22       640     0.377    0.2168    0.1877    0.0613   0.08649   0.01821   0.06249
    31/199     6.89G   0.04354  0.005694  0.003252   0.05249        16       640    0.7543    0.8028    0.8331     0.412   0.06771   0.01166    0.0434
    32/199     6.89G   0.04311  0.005834  0.002617   0.05156        10       640     0.625   0.06707   0.08854   0.05703   0.09766   0.01396   0.07682
    33/199     6.89G   0.04277   0.00565  0.003068   0.05149        19       640    0.3044    0.3253    0.2852    0.1203   0.08274   0.01513   0.06175
    34/199     6.89G   0.04237  0.005752  0.003045   0.05117        10       640    0.7228    0.6734    0.7121    0.3249   0.06642   0.01305   0.04397
    35/199     6.89G   0.04227  0.005731  0.003142   0.05115         7       640    0.2204    0.2238    0.1946   0.07792   0.08822   0.01544   0.06102
    36/199     6.89G   0.04242  0.005919   0.00345   0.05178        10       640    0.7557    0.8055    0.8298    0.3994    0.0646   0.01191   0.04206
    37/199     6.89G   0.04198  0.005748   0.00284   0.05057        11       640    0.8251    0.8073     0.866    0.4368   0.06096   0.01132   0.04121
    38/199     6.89G   0.04149  0.005729  0.002553   0.04977        24       640    0.6054    0.5404     0.586     0.288   0.07279   0.01391   0.04612
    39/199     6.89G   0.04123  0.005665   0.00243   0.04932         9       640    0.7599    0.8166    0.8293       0.4   0.06308   0.01111    0.0435
    40/199     6.89G   0.03972  0.005961  0.002302   0.04798        17       640    0.6995     0.593    0.6531    0.3075   0.06797   0.01229   0.04342
    41/199     6.89G   0.04051  0.005795  0.002704   0.04901         8       640    0.6949    0.7491    0.8017    0.4191   0.06169   0.01205   0.04109
    42/199     6.89G   0.04043  0.005872  0.003147   0.04945        10       640    0.8417    0.5855    0.6644     0.354   0.06952     0.013    0.0524
    43/199     6.89G   0.04041  0.005803  0.002781   0.04899        14       640    0.8641    0.8126    0.8747    0.4816   0.06145   0.01084   0.03973
    44/199     6.89G   0.04062  0.005812  0.002695   0.04913        14       640      0.75   0.06707   0.07271    0.0398    0.1004   0.01629    0.1093
    45/199     6.89G   0.03944  0.005875  0.002541   0.04785        13       640    0.2612     0.204   0.08831   0.02813   0.09129   0.02947   0.09665
    46/199     6.89G   0.03891  0.005633  0.002058    0.0466        12       640    0.9157    0.8574    0.9207    0.4983   0.05801   0.01025   0.03901
    47/199     6.89G   0.03875  0.005693  0.002112   0.04655        15       640    0.7825     0.226    0.2583    0.1068   0.08258   0.01462     0.057
    48/199     6.89G   0.03967   0.00573  0.002641   0.04804        21       640    0.5659    0.6489    0.6042    0.2854    0.0662   0.01237   0.03933
    49/199     6.89G   0.03933   0.00567  0.002893   0.04789         9       640    0.8008    0.6907    0.7869    0.3642   0.06311   0.01167   0.03978
    50/199     6.89G   0.03852  0.005718  0.002012   0.04625        28       640    0.5744    0.6264    0.6424     0.281   0.06824   0.01231   0.04266
    51/199     6.89G   0.03883  0.005585  0.001971   0.04639        12       640    0.8775    0.9093    0.9383    0.5326   0.05481   0.01033   0.03938
    52/199     6.89G   0.03854   0.00547  0.002144   0.04615        10       640    0.7659    0.1536    0.1602   0.06027    0.0905   0.01583   0.06312
    53/199     6.89G    0.0385  0.005619  0.001863   0.04598        12       640    0.8945    0.7861    0.8752     0.489   0.05783   0.01124   0.03993
    54/199     6.89G   0.03746  0.005548  0.001955   0.04496        13       640    0.8132     0.804    0.8458    0.4486   0.05737   0.01071   0.03937
    55/199     6.89G   0.03693  0.005606  0.001595   0.04413        15       640    0.8903    0.9006    0.9406    0.5509   0.05497   0.01063   0.03938
    56/199     6.89G   0.03711  0.005451  0.001806   0.04436        23       640    0.6833    0.6833    0.7237    0.3511   0.06521   0.01289   0.04566
    57/199     6.89G   0.03753  0.005496  0.001888   0.04491        13       640    0.5797    0.5443    0.5802    0.2731    0.0677    0.0124   0.04595
    58/199     6.89G   0.03724  0.005533  0.001933   0.04471        15       640     0.765    0.6665    0.7668    0.4079   0.06123   0.01117   0.04206
    59/199     6.89G   0.03649  0.005414  0.001702   0.04361        23       640    0.5586    0.6664     0.654     0.298   0.06454   0.01182   0.04202
    60/199     6.89G   0.03635  0.005413  0.002176   0.04394         9       640    0.6863    0.4904    0.5643    0.2761   0.06565   0.01247     0.045
    61/199     6.89G   0.03746  0.005255  0.002547   0.04526        11       640    0.9145    0.9095    0.9534    0.5141   0.05437  0.009981   0.03864
    62/199     6.89G   0.03646  0.005432  0.001822   0.04371         9       640    0.9033    0.8582    0.9353    0.5273   0.05305   0.01102   0.03905
    63/199     6.89G   0.03632  0.005344  0.001644   0.04331         9       640    0.7341    0.6827    0.7275    0.3426   0.06272   0.01138   0.04168
    64/199     6.89G   0.03626  0.005358  0.001662   0.04328        14       640    0.8504    0.8965    0.9342    0.5201   0.05263  0.009954   0.03849
    65/199     6.89G   0.03575  0.005406  0.001577   0.04273        14       640    0.6653    0.5479    0.6103    0.2965   0.06457   0.01238   0.04298
    66/199     6.89G   0.03594  0.005308  0.001912   0.04316        22       640    0.9134    0.8566    0.9284    0.5332    0.0546   0.01059   0.04099
    67/199     6.89G   0.03615  0.005295  0.001859   0.04331        15       640    0.6336    0.2347    0.2831    0.1165   0.07927   0.01646   0.05302
    68/199     6.89G   0.03541  0.005282  0.001536   0.04223        25       640    0.8427    0.8822    0.9317    0.5591   0.05418   0.01041   0.03868
    69/199     6.89G   0.03504  0.005227  0.001525   0.04179        18       640    0.8851      0.91    0.9377    0.5608   0.05199   0.01015   0.03882
    70/199     6.89G   0.03569  0.005318  0.002434   0.04344        16       640    0.9268     0.897    0.9481    0.5399   0.05068   0.01017   0.03783
    71/199     6.89G   0.03608  0.005304  0.002281   0.04367        12       640    0.9259    0.8878    0.9421    0.5486   0.05222  0.009997   0.03685
    72/199     6.89G   0.03516  0.005144  0.001817   0.04212        16       640    0.9063    0.7818    0.8921    0.4958   0.05461   0.01276   0.03825
    73/199     6.89G   0.03515  0.005289  0.002038   0.04248        13       640    0.9213    0.9523    0.9672    0.5917   0.04998  0.009971   0.03689
    74/199     6.89G   0.03452  0.005195  0.001775   0.04149        17       640    0.5825    0.3857    0.4638    0.2153   0.07328   0.01547   0.06167
    75/199     6.89G   0.03583  0.005361  0.001707    0.0429        32       640    0.7629    0.8325    0.8525    0.4424    0.0589   0.01163   0.03894
    76/199     6.89G   0.03531  0.005311  0.002188    0.0428        21       640     0.929    0.8558    0.9471    0.5498   0.05034   0.01012   0.03633
    77/199     6.89G   0.03527  0.005243  0.001685   0.04219        10       640    0.8276    0.8855    0.9106    0.4978   0.05778   0.01149    0.0368
    78/199     6.89G   0.03559  0.005268  0.001798   0.04265        17       640    0.6253    0.4362    0.5155    0.2665   0.07076   0.01542   0.05728
    79/199     6.89G   0.03485  0.005154  0.001614   0.04162        24       640    0.9029    0.8869    0.9491    0.5652   0.05026   0.01098   0.03691
    80/199     6.89G   0.03441  0.005208  0.001884    0.0415        15       640    0.7288    0.1321    0.2317   0.07189    0.0832   0.01957   0.07339
    81/199     6.89G   0.03404  0.005085  0.001584   0.04071        21       640     0.895    0.9125     0.956    0.5742   0.04944   0.01039   0.03676
    82/199     6.89G   0.03386  0.005252  0.001451   0.04056        22       640    0.8715    0.8406    0.8969    0.4734   0.05492   0.01175   0.03825
    83/199     6.89G   0.03425  0.005095  0.001668   0.04101        12       640    0.9182    0.8942    0.9508    0.5581   0.04869   0.01004   0.03823
    84/199     6.89G   0.03352  0.005146  0.001264   0.03993        14       640    0.9352    0.9197    0.9639    0.5659   0.04787  0.009399   0.03806
    85/199     6.89G    0.0341  0.005074  0.001494   0.04067        13       640    0.9031    0.8771     0.937    0.5304   0.05129   0.01037   0.03738
    86/199     6.89G    0.0344  0.005193  0.001473   0.04107        19       640    0.9325    0.9172    0.9501    0.5765   0.05216   0.01034   0.03625
    87/199     6.89G   0.03371  0.005218  0.001417   0.04035        19       640    0.9497    0.8254    0.9434    0.5395   0.05246    0.0104   0.03611
    88/199     6.89G   0.03349  0.005001  0.001471   0.03996         8       640    0.9386    0.9259    0.9627    0.6153   0.04738   0.01002    0.0368
    89/199     6.89G   0.03321  0.004962  0.001658   0.03983        14       640    0.9323    0.9503    0.9656    0.6067    0.0461  0.009917   0.03791
    90/199     6.89G   0.03426  0.005251  0.001543   0.04106        17       640    0.9541    0.8984    0.9539    0.5538   0.05096  0.009992   0.03719
    91/199     6.89G   0.03422  0.005048   0.00154   0.04081        13       640    0.9262     0.929     0.951    0.5678   0.04551   0.01021   0.03685
    92/199     6.89G   0.03348  0.005058  0.001546   0.04009        13       640     0.931    0.9225    0.9558    0.5568     0.048   0.01064   0.03835
    93/199     6.89G   0.03291  0.005043  0.001489   0.03944        25       640    0.5371    0.5048    0.5135    0.2582   0.07021   0.01356   0.04747
    94/199     6.89G   0.03277  0.004902  0.001572   0.03924        27       640    0.9442     0.944    0.9608    0.5735   0.04673   0.01014    0.0364
    95/199     6.89G    0.0323    0.0051  0.001036   0.03843        26       640    0.8323    0.8728    0.9093    0.4979   0.05323   0.01073    0.0375
    96/199     6.89G   0.03255  0.004989  0.001015   0.03855         8       640    0.8406    0.7863    0.8731    0.4491   0.05752   0.01117   0.03841
    97/199     6.89G   0.03264   0.00498  0.001235   0.03886        22       640    0.5056    0.5194    0.5719    0.2986   0.07016   0.01328   0.05634
    98/199     6.89G   0.03242  0.005019  0.001381   0.03882        19       640    0.9399    0.9493     0.966    0.6031   0.04577  0.009757   0.03806
    99/199     6.89G   0.03324  0.005183  0.001799   0.04022        31       640    0.8515    0.8575    0.9045    0.4819   0.05569   0.01134   0.03646
   100/199     6.89G    0.0322   0.00499  0.001116    0.0383        12       640    0.8714    0.7887     0.863    0.4979    0.0597   0.01195   0.03932
   101/199     6.89G   0.03235   0.00499  0.001373   0.03872        14       640    0.9294     0.941      0.97    0.5827   0.04533  0.009833   0.03732
   102/199     6.89G   0.03274  0.005155  0.001796   0.03969        24       640    0.9284     0.941     0.967    0.6004   0.04462  0.009755   0.03687
   103/199     6.89G   0.03233  0.005066  0.001284   0.03868        21       640     0.655     0.667    0.6676    0.3582   0.06623   0.01313   0.04554
   104/199     6.89G   0.03274  0.004963  0.001448   0.03915        13       640    0.9625    0.9132    0.9567    0.5757   0.04741  0.009818   0.03749
   105/199     6.89G   0.03176   0.00507  0.001039   0.03786        14       640    0.9281    0.9493    0.9688    0.6192   0.04603  0.009744   0.03728
   106/199     6.89G    0.0319  0.004962  0.001322   0.03819        21       640     0.949    0.9498    0.9726    0.5993   0.04659   0.01019   0.03717
   107/199     6.89G   0.03212  0.005012  0.001034   0.03817        13       640    0.9426     0.924     0.953    0.5876   0.04937   0.01006   0.03844
   108/199     6.89G   0.03206  0.005038  0.001404    0.0385        12       640    0.9352    0.9392    0.9702    0.6184   0.04729   0.01053   0.03655
   109/199     6.89G   0.03214  0.004895  0.001214   0.03825         8       640    0.9375    0.9473    0.9704    0.5868   0.04789  0.009748    0.0375
   110/199     6.89G   0.03175  0.004921 0.0009707   0.03765        33       640    0.9272    0.9496    0.9651    0.5954   0.04717  0.009748   0.03648
   111/199     6.89G   0.03138  0.004843    0.0012   0.03743        14       640    0.9413    0.9292    0.9744    0.5874   0.04612  0.009835   0.03706
   112/199     6.89G   0.03148  0.005128   0.00128   0.03789        15       640    0.9544    0.9392    0.9691    0.6181   0.04652    0.0101   0.03677
   113/199     6.89G   0.03118  0.004854  0.001385   0.03742        20       640    0.9576     0.939    0.9751    0.6322   0.04408  0.009582   0.03883
   114/199     6.89G   0.03098   0.00492  0.001349   0.03725        19       640    0.9548    0.9624    0.9789    0.6411   0.04334  0.009821   0.03744
   115/199     6.89G   0.03121  0.004874  0.001393   0.03747        20       640    0.9437    0.9422    0.9639    0.6072   0.04972   0.01021   0.03665
   116/199     6.89G   0.03076  0.005089   0.00099   0.03684        18       640    0.9503    0.9477    0.9766    0.6246   0.04558  0.009717   0.03729
   117/199     6.89G   0.03059  0.004998  0.001069   0.03665        24       640    0.9241    0.9631    0.9754    0.6406    0.0443  0.009451   0.03866
   118/199     6.89G    0.0314  0.004858  0.001635   0.03789        12       640    0.9501    0.9243    0.9739    0.6176   0.04516  0.009858   0.03749
   119/199     6.89G   0.03122  0.005001  0.001177   0.03739         8       640    0.9485    0.9192    0.9668    0.5976   0.04546  0.009814   0.03797
   120/199     6.89G   0.03106  0.004854  0.001228   0.03714         9       640    0.8811    0.8614    0.9135    0.5341   0.05039   0.01024   0.03841
   121/199     6.89G   0.03071  0.004821  0.001007   0.03654        11       640    0.9535    0.9574    0.9765    0.6342   0.04486   0.01013   0.03702
   122/199     6.89G   0.03052  0.004834  0.001094   0.03645        12       640    0.9188    0.8867    0.9441     0.589   0.04635   0.01018   0.03834
   123/199     6.89G   0.03001  0.004907  0.001095   0.03601        11       640    0.9254    0.9397    0.9624    0.6124   0.04965   0.01046   0.03703
   124/199     6.89G   0.03031  0.004874 0.0009537   0.03614        14       640     0.947    0.9593    0.9747    0.6474   0.04238  0.009738     0.037
   125/199     6.89G   0.03038  0.004867 0.0009111   0.03616        16       640      0.95    0.9557    0.9783    0.6382   0.04343  0.009714   0.03716
   126/199     6.89G   0.02995  0.004825 0.0008728   0.03565        18       640    0.9421    0.9565    0.9758    0.6271   0.04258  0.009811   0.03738
   127/199     6.89G   0.02988  0.005184 0.0009725   0.03604        26       640    0.9473    0.9562    0.9766    0.6548   0.04153  0.009563   0.03771
   128/199     6.89G   0.02969  0.004727  0.000783    0.0352        16       640    0.9513    0.9678    0.9784    0.6599   0.04155  0.009663   0.03669
   129/199     6.89G   0.02997  0.004722  0.001024   0.03572        20       640    0.9297    0.7766    0.8913    0.4994   0.05758   0.01147   0.03808
   130/199     6.89G   0.02964  0.004849  0.001043   0.03553        19       640    0.9469    0.9733    0.9842    0.6466    0.0418  0.009592   0.03762
   131/199     6.89G    0.0297  0.004941  0.001113   0.03575        18       640    0.9388    0.9204    0.9685    0.6143   0.04588   0.01005   0.03694
   132/199     6.89G   0.03003  0.004904   0.00132   0.03625        24       640    0.9418    0.9819    0.9828    0.6533   0.04112  0.009572    0.0363
   133/199     6.89G    0.0297  0.004742  0.001211   0.03565        14       640    0.9433     0.968    0.9797    0.6501   0.04201  0.009494   0.03717
   134/199     6.89G   0.02921  0.004745  0.001215   0.03517        13       640    0.9444    0.9535    0.9753     0.638   0.04249  0.009538   0.03748
   135/199     6.89G   0.02953  0.004795 0.0009605   0.03529        14       640    0.9161    0.9259    0.9618    0.5823   0.04598   0.01014   0.03728
   136/199     6.89G   0.02882  0.004913  0.001025   0.03475        15       640    0.9384    0.9391    0.9615    0.6063   0.04888   0.01042    0.0356
   137/199     6.89G   0.02908  0.004683 0.0009103   0.03468         9       640    0.9562    0.9585    0.9796    0.6467   0.04162  0.009547   0.03722
   138/199     6.89G   0.02902  0.004675 0.0008383   0.03453        16       640    0.9481    0.9683     0.979    0.6457   0.04154  0.009543   0.03676
   139/199     6.89G   0.02896    0.0046 0.0008725   0.03444        18       640    0.9526    0.9566    0.9802    0.6484   0.04206  0.009556   0.03735
   140/199     6.89G   0.02877  0.004885 0.0008446    0.0345        28       640    0.9491    0.9455    0.9772    0.6641   0.04321  0.009826   0.03688
   141/199     6.89G   0.02886  0.004698 0.0009782   0.03454         9       640    0.9491    0.9338     0.972    0.6358   0.04567   0.01013   0.03644
   142/199     6.89G   0.02936  0.004815 0.0008033   0.03498        19       640    0.9596    0.9536    0.9787    0.6433   0.04309  0.009742   0.03682
   143/199     6.89G   0.02807  0.004697 0.0007603   0.03353        11       640    0.9484    0.9631    0.9786    0.6663   0.04161  0.009513   0.03774
   144/199     6.89G   0.02827  0.004781 0.0008769   0.03393        20       640    0.9521    0.9679    0.9793     0.655    0.0417  0.009534   0.03729
   145/199     6.89G   0.02854  0.004723  0.001002   0.03427        22       640    0.9436    0.9569    0.9779    0.6633   0.04084  0.009433   0.03758
   146/199     6.89G   0.02879  0.004724   0.00101   0.03453        14       640      0.95    0.9475    0.9767    0.6522   0.04122  0.009473   0.03748
   147/199     6.89G   0.02821   0.00479  0.001135   0.03413        19       640    0.9396    0.9578    0.9758    0.6571   0.04295  0.009444   0.03695
   148/199     6.89G   0.02879  0.004792 0.0009754   0.03456        25       640    0.9546    0.9682    0.9836    0.6637   0.04073   0.00951    0.0371
   149/199     6.89G   0.02862  0.004764  0.001074   0.03446        18       640    0.9617    0.9526    0.9792    0.6551   0.04202  0.009921   0.03629
   150/199     6.89G   0.02836  0.004751  0.001061   0.03417        17       640    0.9653    0.9532    0.9804    0.6675   0.04084  0.009745   0.03628
   151/199     6.89G   0.02854   0.00471 0.0008964   0.03415        14       640     0.944    0.9554    0.9772    0.6746   0.04018   0.00952   0.03715
   152/199     6.89G   0.02874  0.004687  0.000864   0.03429        29       640    0.9224    0.9407    0.9703     0.616    0.0442  0.009839   0.03704
   153/199     6.89G   0.02844  0.004767  0.001517   0.03472        16       640    0.9524    0.9616    0.9784    0.6685   0.03945  0.009576   0.03683
   154/199     6.89G   0.02849  0.004767 0.0007313   0.03399        11       640    0.9558    0.9577    0.9806    0.6688    0.0395  0.009642   0.03731
   155/199     6.89G   0.02829  0.004558 0.0007131   0.03356        12       640    0.9567    0.9646    0.9832    0.6597   0.04112  0.009706   0.03725
   156/199     6.89G   0.02763   0.00471 0.0009124   0.03326        22       640    0.9449    0.9621    0.9789    0.6691   0.04018  0.009625   0.03702
   157/199     6.89G   0.02773  0.004658 0.0009787   0.03337        17       640    0.9421    0.9615    0.9774    0.6556   0.04056  0.009601   0.03748
   158/199     6.89G   0.02781  0.004701 0.0008029   0.03331        16       640    0.9619    0.9426    0.9811    0.6669   0.04146   0.00978   0.03647
   159/199     6.89G   0.02797  0.004569 0.0007779   0.03332        12       640    0.9387    0.9607    0.9758     0.652   0.03992  0.009616   0.03785
   160/199     6.89G   0.02765  0.004717 0.0009215   0.03329        14       640    0.9537    0.9639    0.9808    0.6673   0.04004   0.00961   0.03728
   161/199     6.89G     0.028  0.004627 0.0008702   0.03349        31       640    0.9632    0.9646    0.9807    0.6695   0.04101  0.009634   0.03699
   162/199     6.89G   0.02742  0.004565 0.0008373   0.03282        30       640    0.9495    0.9674    0.9804     0.666   0.04044   0.00968   0.03689
   163/199     6.89G   0.02783  0.004587 0.0006778   0.03309        12       640    0.9525    0.9648    0.9811    0.6689      0.04   0.00961   0.03696
   164/199     6.89G   0.02734  0.004662 0.0006637   0.03267        19       640    0.9419    0.9656    0.9784    0.6506   0.03988  0.009631    0.0372
   165/199     6.89G   0.02773  0.004656 0.0009631   0.03334        17       640    0.9533    0.9528    0.9781    0.6671   0.03985  0.009523   0.03713
   166/199     6.89G   0.02776   0.00459 0.0007489    0.0331         7       640    0.9673    0.9571    0.9824    0.6666   0.04032  0.009469   0.03727
   167/199     6.89G   0.02739  0.004567 0.0008239   0.03278        15       640    0.9536     0.967    0.9817    0.6771   0.04127  0.009589   0.03686
   168/199     6.89G   0.02776  0.004776 0.0007462   0.03329        23       640    0.9594    0.9656     0.982    0.6713   0.04039   0.00952   0.03704
   169/199     6.89G   0.02694  0.004625 0.0009434   0.03251        28       640    0.9537    0.9667    0.9816    0.6776   0.03996  0.009488   0.03718
   170/199     6.89G   0.02763  0.004811  0.001209   0.03365         8       640    0.9465    0.9611    0.9796     0.667   0.03972   0.00948   0.03715
   171/199     6.89G   0.02733  0.004725 0.0007571   0.03281        11       640    0.9637     0.962    0.9822    0.6775   0.03981  0.009546   0.03695
   172/199     6.89G   0.02695  0.004604 0.0008854   0.03244        18       640    0.9525    0.9646     0.982    0.6756   0.03981  0.009565    0.0372
   173/199     6.89G   0.02681  0.004606 0.0007147   0.03213        18       640    0.9421    0.9631     0.979    0.6747    0.0397   0.00955     0.037
   174/199     6.89G   0.02705  0.004706 0.0009498   0.03271        11       640    0.9399    0.9629    0.9783    0.6737   0.03986  0.009541   0.03682
   175/199     6.89G   0.02693   0.00464 0.0007615   0.03233         6       640    0.9609    0.9589    0.9815    0.6772   0.04013  0.009571   0.03669
   176/199     6.89G   0.02691  0.004528 0.0008671    0.0323        19       640    0.9428    0.9633     0.979    0.6649   0.04017  0.009515   0.03712
   177/199     6.89G   0.02785  0.004702 0.0008153   0.03337        16       640    0.9503    0.9602    0.9795    0.6752   0.04012  0.009535   0.03708
   178/199     6.89G   0.02791  0.004691  0.001048   0.03365        14       640    0.9597    0.9613     0.982    0.6727   0.03998  0.009552   0.03702
   179/199     6.89G   0.02703  0.004598  0.001071    0.0327        14       640    0.9602    0.9633    0.9821    0.6737   0.03989  0.009503   0.03735
   180/199     6.89G   0.02681  0.004505 0.0009076   0.03222        12       640    0.9557    0.9577    0.9806    0.6747   0.03974  0.009511   0.03724
   181/199     6.89G   0.02674  0.004598  0.001077   0.03242        14       640    0.9396    0.9651      0.98    0.6716   0.03966  0.009516   0.03722
   182/199     6.89G   0.02688  0.004572 0.0009488    0.0324        11       640    0.9594    0.9658    0.9829    0.6793   0.03959  0.009492   0.03711
   183/199     6.89G    0.0269  0.004766 0.0008971   0.03256        23       640    0.9501    0.9624     0.979    0.6688   0.03981  0.009511   0.03744
   184/199     6.89G   0.02672   0.00457 0.0007611   0.03205        10       640    0.9595    0.9658    0.9827    0.6758   0.03963  0.009477   0.03736
   185/199     6.89G   0.02732  0.004661 0.0009067   0.03289        13       640    0.9577    0.9672    0.9827    0.6744   0.03946  0.009511   0.03736
   186/199     6.89G   0.02668  0.004648 0.0007977   0.03213        20       640    0.9589    0.9674    0.9832    0.6784   0.03955  0.009503   0.03731
   187/199     6.89G   0.02704  0.004545  0.000868   0.03245        14       640    0.9583    0.9687     0.983    0.6706   0.03958  0.009488   0.03753
   188/199     6.89G   0.02684  0.004603 0.0008158   0.03226        17       640    0.9385    0.9676      0.98    0.6759   0.03963  0.009491   0.03769
   189/199     6.89G   0.02652  0.004575 0.0006744   0.03177        16       640    0.9484    0.9707    0.9821    0.6756    0.0396  0.009512   0.03753
   190/199     6.89G   0.02687  0.004601 0.0009554   0.03243        19       640    0.9436    0.9651    0.9799    0.6695   0.03982  0.009517   0.03748
   191/199     6.89G   0.02662  0.004557 0.0008573   0.03203        17       640    0.9528    0.9688    0.9827    0.6716   0.03978  0.009511   0.03741
   192/199     6.89G   0.02643  0.004583 0.0007962   0.03181        16       640    0.9623    0.9653    0.9824    0.6735   0.03981  0.009514   0.03731
   193/199     6.89G   0.02701   0.00459 0.0009821   0.03258        11       640    0.9618    0.9656    0.9826    0.6734   0.03975  0.009493   0.03735
   194/199     6.89G    0.0266  0.004664 0.0008252   0.03209        19       640    0.9596    0.9679    0.9826    0.6721   0.03974  0.009472   0.03736
   195/199     6.89G   0.02694  0.004511 0.0004937   0.03195        12       640    0.9637    0.9637    0.9825     0.677   0.03983  0.009479   0.03737
   196/199     6.89G   0.02609  0.004525 0.0007413   0.03136        10       640    0.9627    0.9652    0.9827    0.6812   0.03988  0.009465   0.03739
   197/199     6.89G   0.02702  0.004708   0.00101   0.03274        13       640    0.9624    0.9651    0.9824    0.6755   0.03986  0.009458   0.03738
   198/199     6.89G   0.02682  0.004606 0.0008044   0.03223         7       640    0.9633    0.9649    0.9825    0.6748   0.03977  0.009449    0.0374
   199/199     6.89G   0.02673  0.004556 0.0006763   0.03197        12       640    0.9633    0.9638    0.9828    0.6767   0.03973  0.009467   0.03731
