     0/199     0.57G    0.0823    0.0129   0.04563    0.1408        15       640    0.3752  0.001689 9.688e-05 1.711e-05   0.09798   0.01601   0.04273
     1/199     3.21G   0.07325  0.008451   0.03152    0.1132        12       640   0.01037   0.02617  0.004781   0.00097   0.09621   0.01625   0.04186
     2/199     3.81G   0.06811  0.008068   0.02638    0.1026         9       640    0.5206   0.05853    0.0182  0.005085   0.09358   0.01617   0.04425
     3/199     3.81G     0.066  0.007456   0.02467   0.09812        10       640    0.9334   0.06367   0.05529   0.01541   0.09261   0.01489   0.04408
     4/199     3.81G   0.06293   0.00713   0.02226   0.09232        19       640    0.7086   0.08633   0.09728   0.02868     0.091   0.01409   0.04595
     5/199     3.81G   0.06068    0.0067   0.01934   0.08672        13       640    0.7443    0.1484    0.1221   0.04332   0.08997   0.01351    0.0488
     6/199     3.81G   0.06261  0.006493   0.01891   0.08801        20       640    0.7475    0.1258    0.1034   0.03851   0.09222   0.01423   0.04874
     7/199     3.81G   0.05902  0.006649   0.01639   0.08206        14       640    0.4837    0.2449    0.1037   0.02823   0.08998   0.01237   0.04898
     8/199     3.81G   0.05737  0.006538   0.01552   0.07943        12       640    0.8523     0.193     0.188    0.0691   0.09172   0.01302   0.05303
     9/199     3.81G   0.05672  0.006335   0.01194   0.07499        17       640    0.9052    0.2656    0.3017    0.1142   0.08902   0.01187   0.05406
    10/199     3.81G   0.05588  0.006435   0.01014   0.07246        18       640    0.9375    0.1498    0.2118   0.07669   0.08814   0.01405   0.06121
    11/199     3.81G   0.05419  0.006525  0.009808   0.07052        10       640    0.3584    0.4156    0.3649   0.09342   0.09051   0.01282   0.05873
    12/199     3.81G   0.05511  0.006522  0.008188   0.06982        17       640    0.7842    0.3105    0.3887    0.1739   0.08671   0.01124   0.05546
    13/199     3.81G   0.05337  0.006505  0.007769   0.06764        17       640    0.4821    0.3039    0.2968    0.1059   0.08863   0.01311   0.06614
    14/199     3.81G   0.05281  0.006676    0.0071   0.06659        18       640     0.786    0.1709    0.2213   0.08837   0.08857   0.01398   0.07678
    15/199     3.81G    0.0517  0.006471  0.006389   0.06456        14       640    0.7851    0.2425    0.2808    0.1172    0.0868   0.01317   0.06476
    16/199     3.81G   0.05268  0.006511  0.007879   0.06707        13       640    0.3776     0.344    0.3285    0.1279   0.08658   0.01336   0.05735
    17/199     3.81G   0.05119  0.006476   0.00791   0.06557        11       640    0.4513    0.4939    0.4361    0.1519   0.08585   0.01158   0.06407
    18/199     3.81G   0.05068   0.00645  0.006689   0.06382        10       640    0.9102    0.2629    0.3093    0.1179   0.08923   0.01364   0.07588
    19/199     3.81G   0.05152  0.006375  0.006192   0.06408        14       640    0.6983    0.4345    0.5197    0.2316   0.08275   0.01229   0.05868
    20/199     3.81G    0.0489  0.006198  0.005275   0.06037        18       640    0.5523    0.2118    0.2403   0.09419   0.09041   0.01685   0.09486
    21/199     3.81G   0.04935  0.006295  0.005947   0.06159        15       640    0.5821    0.5685    0.5677    0.2676   0.07853   0.01219   0.05763
    22/199     3.81G   0.04931  0.005952  0.005089   0.06035        14       640    0.5922     0.428     0.432    0.1855   0.07805   0.01292   0.05697
    23/199     3.81G   0.04809  0.006068  0.004074   0.05823        12       640    0.6681    0.6639    0.6994    0.3331   0.07728   0.01277   0.05545
    24/199     3.81G   0.04854  0.005946   0.00419   0.05868        21       640    0.5523    0.3395    0.3616    0.1355   0.08384   0.01411   0.06435
    25/199     3.81G   0.04769  0.005973  0.003625   0.05729        14       640     0.437    0.5508    0.5441    0.2164   0.08021    0.0124    0.0595
    26/199     3.81G   0.04677  0.005912  0.003629   0.05631        26       640    0.6362    0.6363    0.7031    0.3126   0.07716   0.01166   0.05309
    27/199     3.81G   0.04679   0.00582  0.003557   0.05617         9       640    0.6917    0.2455    0.3431    0.1325   0.08669   0.01471   0.08472
    28/199     3.81G   0.04532  0.005861   0.00349   0.05467        13       640    0.5362    0.5513    0.5838    0.2644    0.0746   0.01141   0.05677
    29/199     3.81G   0.04561  0.005771  0.003772   0.05516        13       640    0.5658    0.2856    0.3355    0.1287   0.08637   0.01381    0.0725
    30/199     3.81G   0.04549  0.005872  0.003369   0.05473        11       640    0.7662     0.698    0.7655    0.3784   0.07254   0.01058    0.0489
    31/199     3.81G   0.04421  0.005822  0.002804   0.05283        24       640    0.6617     0.692    0.7284    0.3925   0.07467   0.01187   0.04911
    32/199     3.81G   0.04362  0.005766  0.003014    0.0524        17       640    0.5722    0.2078    0.2462   0.08184   0.08915   0.01342   0.09313
    33/199     3.81G   0.04456  0.005719  0.003022    0.0533        18       640    0.5516    0.7113    0.7096    0.2911   0.07304   0.01236   0.05117
    34/199     3.81G   0.04368  0.005779  0.002671   0.05213         9       640    0.6163    0.6552    0.6594    0.3229   0.07351   0.01227   0.05834
    35/199     3.81G    0.0433  0.005778    0.0035   0.05258         7       640    0.8332     0.499     0.617    0.3124   0.07425   0.01251   0.04821
    36/199     3.81G   0.04291  0.005771  0.002932   0.05161        16       640      0.82    0.7489    0.8346    0.4128   0.06878   0.01154   0.04483
    37/199     3.81G   0.04291  0.005818  0.002996   0.05172        10       640    0.7206    0.8403    0.8549    0.4114   0.06683   0.01096   0.04289
    38/199     3.81G   0.04249  0.005713  0.002859   0.05106         7       640    0.7286    0.6601    0.7185    0.3387   0.06969   0.01205   0.04804
    39/199     3.81G    0.0423  0.005769  0.002691   0.05076        13       640    0.7449    0.8592    0.8507    0.4434   0.06533   0.01069   0.04328
    40/199     3.81G   0.04248  0.005602  0.003223    0.0513        12       640    0.7012       0.2    0.2518   0.08776   0.08597   0.01771   0.06838
    41/199     3.81G   0.04137  0.005553  0.003585   0.05051        14       640    0.7589    0.8219     0.813    0.3731   0.06941   0.01099   0.04546
    42/199     3.81G   0.04142  0.005573  0.003321   0.05031        18       640     0.826    0.8269    0.8793    0.4659    0.0647   0.01135   0.04429
    43/199     3.81G   0.04165  0.005727  0.002366   0.04974        14       640    0.7878    0.8271    0.8739    0.4204   0.06246   0.01085   0.04314
    44/199     3.81G   0.04041    0.0056  0.002336   0.04834        17       640    0.7419    0.6696     0.779    0.3792   0.06275   0.01295   0.04609
    45/199     3.81G   0.03993  0.005586  0.002559   0.04808         9       640    0.8474    0.5932    0.7355    0.3719   0.06546   0.01158   0.04653
    46/199     3.81G   0.03998  0.005844   0.00285   0.04868        24       640    0.7452    0.7711    0.7972    0.3747   0.06839   0.01231   0.04873
    47/199     3.81G   0.03967  0.005677  0.002265   0.04762        13       640    0.7702    0.7509    0.8012    0.4178   0.06425   0.01208   0.04302
    48/199     3.81G   0.03982  0.005767  0.002472   0.04805        14       640    0.8111    0.7768    0.8393    0.4262   0.06126   0.01223   0.04061
    49/199     3.81G   0.03918  0.005682  0.002557   0.04742        17       640    0.7429    0.7667    0.8231    0.3644   0.06194   0.01212   0.04235
    50/199     3.81G   0.03918  0.005722   0.00205   0.04696        20       640    0.8143    0.8315    0.8629     0.433   0.06313   0.01178   0.04338
    51/199     3.81G   0.04157  0.005696  0.002432    0.0497        13       640    0.7032    0.8065    0.8444    0.4007   0.06448   0.01144    0.0445
    52/199     3.81G   0.03968  0.005645  0.002806   0.04814        11       640    0.8492    0.8295     0.901     0.489   0.05696   0.01077   0.04189
    53/199     3.81G   0.03821  0.005745  0.002066   0.04602        15       640     0.807     0.818    0.8866    0.4583   0.05774   0.01113   0.03934
    54/199     3.81G   0.03871  0.005779  0.002636   0.04712        21       640    0.6532    0.4405    0.4909    0.2086    0.0741   0.01468   0.05168
    55/199     3.81G   0.03826  0.005647  0.001928   0.04583         6       640    0.8124    0.7705    0.8181    0.4653   0.06473   0.01237   0.04878
    56/199     3.81G   0.03739  0.005614  0.001957   0.04496        25       640    0.9034    0.6511    0.8418    0.4314   0.06407   0.01151   0.04311
    57/199     3.81G   0.03767  0.005575  0.002208   0.04546        16       640    0.8814    0.9074    0.9353     0.548   0.05542   0.01096   0.04154
    58/199     3.81G   0.03775   0.00554  0.002438   0.04573        13       640    0.7964    0.6593     0.746    0.3681   0.06484   0.01211   0.04328
    59/199     3.81G    0.0382  0.005623  0.002654   0.04648        17       640    0.7595    0.7169    0.7661    0.4111   0.05954   0.01251    0.0409
    60/199     3.81G   0.03758  0.005635  0.001992    0.0452         5       640    0.6177    0.5284     0.588    0.3027   0.07036   0.01323    0.0516
    61/199     3.81G   0.03722  0.005565  0.001921   0.04471        11       640    0.8664    0.7058    0.8332    0.4461   0.06471   0.01148   0.04025
    62/199     3.81G   0.03669  0.005436  0.002339   0.04447        11       640    0.7148    0.7765    0.8089     0.371    0.0637   0.01171   0.04248
    63/199     3.81G   0.03643  0.005574   0.00215   0.04416        27       640    0.9058    0.9015    0.9376    0.5287   0.05246   0.01073   0.03337
    64/199     3.81G   0.03636  0.005573  0.001885   0.04381        13       640    0.8866    0.8914    0.9336    0.5559   0.05286   0.01038   0.03424
    65/199     3.81G   0.03642  0.005651  0.001914   0.04399        27       640    0.9032    0.9138    0.9486    0.5404   0.05367   0.01102   0.03256
    66/199     3.81G   0.03665  0.005511  0.001912   0.04407         7       640    0.8323    0.8974    0.9252    0.5385   0.05301   0.01074    0.0328
    67/199     3.81G   0.03571  0.005518  0.001997   0.04323        23       640    0.9058    0.9058    0.9443    0.5507   0.05365   0.01058    0.0341
    68/199     3.81G   0.03615  0.005312  0.001482   0.04295        22       640     0.917    0.8175    0.8982    0.5234   0.05427   0.01148   0.03263
    69/199     3.81G   0.03496  0.005525  0.001794   0.04228        27       640    0.7793    0.5911    0.7506    0.3662   0.06962   0.01216   0.04846
    70/199     3.81G   0.03512  0.005374  0.001365   0.04185        21       640    0.8991    0.9459    0.9541      0.59   0.05137   0.01016   0.03267
    71/199     3.81G   0.03556  0.005482  0.001665   0.04271        23       640    0.6527    0.8569    0.8448    0.4734   0.05741   0.01111   0.04021
    72/199     3.81G   0.03591  0.005431  0.001948   0.04329        12       640    0.8563     0.822    0.8867    0.5077   0.05583   0.01145   0.03666
    73/199     3.81G   0.03552  0.005426  0.001963   0.04291        11       640    0.8812    0.8949      0.94    0.5434   0.05443   0.01083   0.03298
    74/199     3.81G   0.03542  0.005477  0.002404    0.0433         7       640    0.9155    0.8974    0.9397    0.5625   0.04868   0.01065   0.03068
    75/199     3.81G   0.03479  0.005291   0.00161    0.0417        21       640    0.9026    0.9395      0.96    0.5984    0.0489  0.009913   0.03118
    76/199     3.81G   0.03554  0.005417  0.001833   0.04279        20       640    0.9058    0.8752     0.921    0.5668   0.05063   0.01049    0.0314
    77/199     3.81G   0.03424  0.005372  0.001454   0.04106        13       640    0.9439    0.9481    0.9629    0.5748   0.04839   0.01014   0.02914
    78/199     3.81G   0.03355  0.005371  0.001579    0.0405        14       640     0.922    0.9375    0.9578    0.6114   0.04831    0.0102   0.02928
    79/199     3.81G   0.03477  0.005291  0.001519   0.04158        16       640    0.8209    0.7742    0.8271    0.4475   0.05572   0.01103   0.03263
    80/199     3.81G    0.0346  0.005189  0.001879   0.04167        14       640    0.9262    0.9154    0.9643    0.5946   0.04916  0.009789   0.03113
    81/199     3.81G   0.03418  0.005348  0.001434   0.04096        15       640    0.8801     0.844    0.9153    0.4854   0.05366   0.01062   0.03201
    82/199     3.81G   0.03435  0.005315  0.001752   0.04142        11       640    0.6677     0.598    0.6987    0.3433   0.06784   0.01271   0.04358
    83/199     3.81G   0.03344  0.005235  0.001648   0.04033        12       640    0.8804    0.8857     0.938    0.5062   0.05443   0.01046   0.03102
    84/199     3.81G   0.03387  0.005093  0.001254   0.04022        20       640    0.8221    0.8566    0.8594    0.4952    0.0551   0.01159   0.03166
    85/199     3.81G   0.03402  0.005265  0.001571   0.04086        15       640     0.937    0.9067    0.9532     0.514    0.0493   0.01024    0.0297
    86/199     3.81G    0.0335  0.005233  0.001317   0.04005        17       640    0.8696    0.8474    0.9065    0.4895   0.05735   0.01075   0.03432
    87/199     3.81G   0.03373  0.005285  0.001543   0.04056        21       640    0.8724    0.9222    0.9447    0.5451   0.04974    0.0102   0.02898
    88/199     3.81G   0.03383  0.005174  0.001976   0.04098        12       640    0.8956    0.8374    0.9071    0.4974   0.05688   0.01027   0.03475
    89/199     3.81G   0.03299  0.005309  0.001386   0.03969        13       640    0.8177    0.8968    0.8997    0.5306     0.053   0.01044   0.03556
    90/199     3.81G    0.0336  0.005136  0.001483   0.04022        10       640     0.944    0.8992    0.9461      0.54   0.05257   0.01015   0.03311
    91/199     3.81G    0.0325  0.005075  0.001376   0.03895        19       640     0.937    0.9296    0.9503     0.579   0.04943  0.009941   0.03139
    92/199     3.81G   0.03225  0.005208  0.001406   0.03887        15       640    0.8896    0.9348    0.9388    0.5589   0.04984  0.009889   0.03267
    93/199     3.81G    0.0328  0.005212  0.001174   0.03919        22       640    0.8698    0.9456     0.941    0.5473   0.05436   0.01025   0.03462
    94/199     3.81G   0.03393  0.005193    0.0021   0.04122        26       640    0.8259    0.7969    0.8652    0.4537    0.0555   0.01142   0.03583
    95/199     3.81G   0.03223  0.005392  0.001189   0.03881        13       640    0.8987    0.9163    0.9466    0.5479   0.05167   0.01042   0.03225
    96/199     3.81G   0.03181   0.00501    0.0012   0.03802        16       640    0.9323    0.9481    0.9713     0.606   0.04673  0.009754   0.03002
    97/199     3.81G   0.03189  0.005061  0.001324   0.03827        14       640    0.9166    0.9544    0.9611    0.5981   0.04976   0.01002   0.03209
    98/199     3.81G   0.03205  0.005186  0.001508   0.03874        11       640    0.9512    0.9479    0.9721    0.6203   0.04642  0.009631   0.02999
    99/199     3.81G   0.03201  0.005042  0.001302   0.03836         8       640    0.9382     0.928    0.9598    0.6021   0.04718   0.00992   0.02917
   100/199     3.81G   0.03153  0.005001  0.001376    0.0379        21       640    0.9243    0.9114     0.943    0.5603    0.0509   0.01029   0.03333
   101/199     3.81G   0.03204  0.005085  0.001329   0.03845        19       640    0.9485    0.9551    0.9737    0.6145    0.0464  0.009678   0.02877
   102/199     3.81G   0.03139  0.005056  0.000947    0.0374        10       640    0.9241    0.8624     0.922    0.5187   0.05558   0.01041    0.0341
   103/199     3.81G   0.03157   0.00494 0.0009644   0.03748        11       640     0.944    0.9446     0.971     0.605   0.04924  0.009551   0.03089
   104/199     3.81G   0.03165  0.005083  0.002029   0.03876        29       640    0.9142    0.9024    0.9449     0.573   0.05068   0.01019   0.03266
   105/199     3.81G    0.0315  0.005064  0.001161   0.03773        14       640    0.9438    0.9223    0.9574    0.5821   0.04937   0.01047   0.02915
   106/199     3.81G   0.03166  0.004974  0.001355   0.03799        24       640    0.9563    0.9503    0.9711    0.6011   0.04624  0.009516   0.03137
   107/199     3.81G   0.03087  0.004834  0.001134   0.03684        11       640    0.9395    0.7864    0.9225    0.5201   0.05239    0.0104   0.03548
   108/199     3.81G   0.03029  0.005025 0.0008321   0.03615        22       640    0.9462     0.943    0.9654    0.6206   0.04508  0.009497   0.02904
   109/199     3.81G   0.03081  0.005089  0.001056   0.03695        17       640    0.9376    0.9443    0.9678    0.6066   0.04633  0.009722   0.02965
   110/199     3.81G   0.03061  0.005025  0.001043   0.03668         9       640    0.9197    0.9414    0.9631    0.6276   0.04531  0.009311   0.03007
   111/199     3.81G    0.0308  0.004935  0.001416   0.03715        27       640    0.8785    0.9103    0.9205    0.5439    0.0535   0.01014   0.03506
   112/199     3.81G   0.03005  0.005057  0.001284   0.03639        11       640    0.9568    0.9339    0.9594    0.6225   0.04524  0.009697   0.02879
   113/199     3.81G   0.03119  0.004933  0.001008   0.03713        11       640    0.9144    0.8866    0.9507    0.5752   0.05058   0.01076   0.02959
   114/199     3.81G   0.03124  0.004944 0.0008328   0.03702         9       640    0.9678    0.9432    0.9749    0.6178   0.04468   0.00967   0.02877
   115/199     3.81G   0.03029  0.005028  0.001103   0.03642        23       640    0.9494    0.9481     0.965    0.6339   0.04474  0.009676   0.02874
   116/199     3.81G   0.03003  0.004851  0.001355   0.03623        19       640    0.9331    0.9563    0.9693    0.6116   0.04605  0.009556   0.03082
   117/199     3.81G   0.03019   0.00493  0.001014   0.03614        13       640    0.9523    0.9586     0.968    0.6417   0.04386  0.009331   0.03031
   118/199     3.81G   0.02999  0.004943  0.001035   0.03597        16       640    0.9539     0.945    0.9654    0.6052   0.04446  0.009678   0.02875
   119/199     3.81G   0.02988  0.004997   0.00109   0.03597        18       640    0.9529     0.961    0.9763    0.6439   0.04443  0.009303   0.02925
   120/199     3.81G   0.03038  0.004986   0.00103    0.0364         9       640    0.9397    0.9502    0.9666    0.6177   0.04456   0.00962   0.02881
   121/199     3.81G   0.02998  0.004776  0.001289   0.03605        15       640    0.8984    0.8723    0.9229    0.5672   0.05083   0.01002   0.03239
   122/199     3.81G   0.02961  0.004985  0.001174   0.03577         8       640    0.9638     0.948    0.9723    0.6491   0.04411  0.009202   0.02886
   123/199     3.81G   0.02959   0.00496  0.001124   0.03567         9       640    0.9595    0.9474    0.9719    0.6436   0.04295  0.009413    0.0284
   124/199     3.81G   0.03016   0.00482  0.001443   0.03643        11       640    0.8597    0.8654    0.9214      0.52    0.0528   0.01094   0.03174
   125/199     3.81G   0.03007  0.004891  0.001149   0.03611        15       640    0.9432     0.929    0.9573    0.5916   0.04723   0.01027   0.02875
   126/199     3.81G   0.02989  0.004843  0.001017   0.03575        20       640    0.9572    0.9461    0.9749    0.6305   0.04502  0.009332   0.03002
   127/199     3.81G   0.02915   0.00484 0.0009795   0.03497        12       640    0.9518    0.9566    0.9733    0.6474   0.04384  0.009476    0.0281
   128/199     3.81G   0.02941  0.004985  0.001289   0.03568        10       640    0.9586     0.949    0.9703    0.6164   0.04667  0.009486   0.02827
   129/199     3.81G   0.02899  0.004939 0.0007276   0.03466        20       640    0.9523    0.9623    0.9747    0.6483   0.04436  0.009282   0.02845
   130/199     3.81G   0.02846  0.004711 0.0008266   0.03399         7       640    0.9614     0.954    0.9751    0.6496   0.04365  0.009156   0.02889
   131/199     3.81G   0.02873  0.004782 0.0008446   0.03436        35       640    0.9538    0.9604    0.9744    0.6519   0.04306  0.009259   0.02896
   132/199     3.81G   0.02918  0.004889  0.001101   0.03517        17       640    0.9485    0.9557    0.9774    0.6288   0.04507  0.009232    0.0299
   133/199     3.81G   0.02864  0.004901 0.0007956   0.03434        26       640     0.931    0.9547    0.9698    0.6168   0.04434  0.009562   0.02849
   134/199     3.81G   0.02843    0.0047  0.000973    0.0341        13       640    0.9439     0.942    0.9653    0.6381   0.04369  0.009715   0.02693
   135/199     3.81G   0.02879  0.005109 0.0009961    0.0349        15       640      0.95    0.9554     0.976    0.6532   0.04302  0.009105   0.02741
   136/199     3.81G   0.02877  0.004746 0.0008579   0.03437         9       640    0.9562    0.9621    0.9779     0.651   0.04369   0.00909   0.02832
   137/199     3.81G   0.02873  0.004718  0.001362   0.03481        15       640    0.9464    0.9627    0.9764     0.625   0.04435  0.009301   0.02868
   138/199     3.81G   0.02914  0.004846  0.001148   0.03514         8       640    0.9549    0.9597    0.9752    0.6424   0.04329  0.009256   0.02832
   139/199     3.81G   0.02869  0.004778 0.0006913   0.03416        10       640    0.9262    0.9501    0.9639    0.6324   0.04445  0.009935   0.02879
   140/199     3.81G   0.02929  0.004953  0.001002   0.03525        18       640    0.9594    0.9459    0.9709     0.636   0.04377  0.009755   0.02754
   141/199     3.81G   0.02834  0.004804 0.0007542    0.0339        17       640    0.9361    0.9608    0.9756    0.6238   0.04383  0.009545   0.02818
   142/199     3.81G   0.02818  0.004633 0.0008013   0.03362        33       640    0.9568    0.9568    0.9778    0.6454   0.04343  0.009341   0.02834
   143/199     3.81G   0.02874  0.004844  0.001371   0.03495        13       640    0.9428    0.9588    0.9762    0.6353   0.04421  0.009703   0.02817
   144/199     3.81G   0.02819  0.004722 0.0007709   0.03368        21       640    0.9367    0.9524    0.9661    0.6375   0.04302  0.009934   0.02738
   145/199     3.81G   0.02829  0.004756 0.0009213   0.03396        24       640    0.9446    0.9594    0.9758    0.6337   0.04358  0.009493   0.02816
   146/199     3.81G    0.0278  0.004788 0.0008214   0.03341        17       640    0.9584    0.9595    0.9785     0.641   0.04264  0.009537   0.02821
   147/199     3.81G    0.0279  0.004885  0.001018    0.0338        20       640     0.957    0.9452    0.9743    0.6591   0.04164  0.009532   0.02743
   148/199     3.81G    0.0278  0.004841 0.0007006   0.03334        23       640    0.9461    0.9578    0.9775    0.6518   0.04277  0.009371   0.02789
   149/199     3.81G   0.02828  0.004767  0.001558   0.03461        16       640    0.9596    0.9623    0.9759    0.6549   0.04306  0.009173   0.02817
   150/199     3.81G   0.02777  0.004612  0.001272   0.03365        16       640    0.9609    0.9531    0.9776    0.6525   0.04335  0.009243   0.02807
   151/199     3.81G   0.02765  0.004685 0.0007069   0.03304        12       640    0.9579     0.955     0.977    0.6505   0.04206  0.009499    0.0272
   152/199     3.81G   0.02729  0.004628 0.0007183   0.03264        15       640    0.9623    0.9638    0.9791    0.6682   0.04208  0.009373   0.02794
   153/199     3.81G   0.02755  0.004749 0.0007057     0.033        15       640    0.9456    0.9559    0.9731    0.6571   0.04145  0.009495   0.02751
   154/199     3.81G   0.02735  0.004784 0.0007302   0.03286        13       640    0.9493    0.9508    0.9754    0.6663   0.04163  0.009407   0.02764
   155/199     3.81G   0.02714  0.004636  0.001072   0.03285         6       640    0.9498    0.9636    0.9774    0.6597   0.04165  0.009294   0.02873
   156/199     3.81G   0.02715  0.004921 0.0007353   0.03281        11       640    0.9541    0.9492    0.9756    0.6615   0.04147  0.009545   0.02791
   157/199     3.81G   0.02754  0.004756 0.0009233   0.03322        10       640    0.9477    0.9564    0.9763    0.6616   0.04157   0.00945   0.02808
   158/199     3.81G   0.02749  0.004718  0.000834   0.03304        11       640    0.9438    0.9561     0.969     0.636   0.04293  0.009432   0.02841
   159/199     3.81G   0.02694  0.004669 0.0007822   0.03239        13       640    0.9438    0.9561    0.9733    0.6564   0.04121  0.009306   0.02852
   160/199     3.81G   0.02735  0.004582 0.0009626   0.03289        17       640    0.9533    0.9502    0.9736    0.6623   0.04174  0.009473    0.0278
   161/199     3.81G   0.02729  0.004754 0.0008665   0.03291        14       640    0.9609    0.9538    0.9778    0.6679   0.04171  0.009341   0.02813
   162/199     3.81G   0.02714  0.004643  0.001041   0.03282        31       640    0.9521     0.961    0.9759    0.6541   0.04316  0.009299    0.0284
   163/199     3.81G   0.02669   0.00464  0.001112   0.03244        18       640    0.9518    0.9603    0.9763    0.6618   0.04146  0.009299   0.02782
   164/199     3.81G   0.02692  0.004735 0.0008391    0.0325         9       640    0.9494    0.9628    0.9742    0.6562   0.04162  0.009346   0.02784
   165/199     3.81G   0.02748  0.004715 0.0007734   0.03297        14       640    0.9572    0.9549    0.9751    0.6567   0.04209  0.009453   0.02753
   166/199     3.81G    0.0275  0.004848  0.001182   0.03352        13       640    0.9532    0.9673    0.9796    0.6706   0.04154   0.00931   0.02761
   167/199     3.81G   0.02679  0.004697 0.0007102    0.0322        12       640    0.9492    0.9662    0.9766    0.6621   0.04206  0.009297   0.02758
   168/199     3.81G   0.02698  0.004618 0.0008245   0.03242        11       640    0.9508    0.9614    0.9758    0.6614   0.04169  0.009375    0.0276
   169/199     3.81G   0.02645  0.004655 0.0007638   0.03187        19       640    0.9647    0.9537    0.9771    0.6661   0.04134  0.009205   0.02792
   170/199     3.81G   0.02678  0.004628 0.0007239   0.03213        28       640    0.9508      0.96    0.9752     0.657    0.0414  0.009399   0.02776
   171/199     3.81G    0.0268  0.004674   0.00099   0.03246         6       640    0.9527    0.9595    0.9746    0.6618   0.04148  0.009403   0.02755
   172/199     3.81G   0.02676  0.004609 0.0006209   0.03199        24       640    0.9586    0.9671    0.9771    0.6637   0.04131  0.009324    0.0277
   173/199     3.81G   0.02674   0.00477  0.000979   0.03249        11       640    0.9546    0.9644    0.9769    0.6572   0.04148  0.009292   0.02793
   174/199     3.81G   0.02706  0.004638 0.0006425   0.03234        12       640    0.9601    0.9616     0.979    0.6543   0.04167  0.009379   0.02779
   175/199     3.81G   0.02643  0.004604 0.0009436   0.03197        13       640     0.964    0.9606    0.9799    0.6625   0.04085  0.009348   0.02778
   176/199     3.81G   0.02667  0.004604 0.0007289     0.032        10       640    0.9592    0.9624    0.9798    0.6652   0.04145  0.009457   0.02772
   177/199     3.81G   0.02637  0.004528 0.0006121   0.03151        23       640    0.9674    0.9603    0.9799    0.6638   0.04094  0.009368   0.02793
   178/199     3.81G   0.02694  0.004635 0.0008055   0.03238        13       640    0.9607    0.9657    0.9804    0.6644   0.04087  0.009342   0.02784
   179/199     3.81G   0.02637  0.004625    0.0007   0.03169        14       640    0.9641    0.9626    0.9798    0.6656   0.04115  0.009291   0.02813
   180/199     3.81G   0.02633  0.004644 0.0009107   0.03189        10       640    0.9625    0.9658    0.9824     0.658   0.04121  0.009419   0.02783
   181/199     3.81G   0.02634  0.004722 0.0008607   0.03192        13       640    0.9609     0.967    0.9815    0.6546   0.04145  0.009427   0.02771
   182/199     3.81G   0.02646  0.004664 0.0007547   0.03187        23       640    0.9665    0.9634    0.9829     0.668    0.0413  0.009227   0.02805
   183/199     3.81G   0.02658  0.004683  0.001322   0.03258        11       640    0.9574    0.9708    0.9831    0.6649   0.04116  0.009262    0.0278
   184/199     3.81G    0.0264  0.004596   0.00096   0.03195        20       640    0.9525    0.9674    0.9801    0.6629   0.04192  0.009277   0.02793
   185/199     3.81G   0.02593  0.004644 0.0008068   0.03138        13       640     0.966     0.967    0.9833    0.6632   0.04143  0.009228   0.02803
   186/199     3.81G   0.02638  0.004663 0.0009203   0.03196        16       640    0.9685    0.9642    0.9834    0.6642   0.04151   0.00922   0.02805
   187/199     3.81G   0.02649  0.004529 0.0008882   0.03191         5       640    0.9629    0.9663    0.9807    0.6613   0.04099  0.009281   0.02776
   188/199     3.81G   0.02672  0.004627 0.0009049   0.03225        22       640    0.9673    0.9602    0.9807    0.6632   0.04069  0.009303    0.0277
   189/199     3.81G   0.02614  0.004595 0.0007784   0.03152        11       640    0.9569    0.9613    0.9781    0.6661   0.04097  0.009308   0.02775
   190/199     3.81G   0.02661  0.004562 0.0007367    0.0319         9       640    0.9626    0.9669    0.9817     0.668   0.04083  0.009302    0.0278
   191/199     3.81G   0.02657  0.004735 0.0008166   0.03212         6       640    0.9682    0.9612    0.9814    0.6666   0.04069  0.009293   0.02771
   192/199     3.81G   0.02597  0.004633 0.0008132   0.03142        12       640    0.9682    0.9596    0.9802    0.6697   0.04082  0.009284   0.02782
   193/199     3.81G   0.02595  0.004602 0.0006811   0.03123        11       640    0.9635    0.9641    0.9813    0.6718   0.04109  0.009332   0.02784
   194/199     3.81G   0.02588  0.004631 0.0008539   0.03137        11       640    0.9608     0.955    0.9783     0.668   0.04108  0.009369   0.02769
   195/199     3.81G   0.02593  0.004663 0.0009682   0.03157        19       640    0.9635    0.9524    0.9782     0.667   0.04085  0.009336   0.02777
   196/199     3.81G   0.02597  0.004706 0.0008433   0.03151         8       640     0.959    0.9564    0.9786    0.6682   0.04106   0.00931    0.0279
   197/199     3.81G   0.02595  0.004605 0.0007405   0.03129        29       640    0.9627    0.9526    0.9781    0.6674   0.04108  0.009334   0.02782
   198/199     3.81G   0.02597  0.004663 0.0006512   0.03128        14       640    0.9662    0.9603    0.9804    0.6689   0.04081  0.009335   0.02775
   199/199     3.81G   0.02609  0.004593  0.001094   0.03178        25       640    0.9622    0.9644    0.9806    0.6669    0.0409  0.009317   0.02783
