     0/199     0.26G   0.08329   0.01396   0.04842    0.1457        10       640 0.0007059   0.02724 0.0001529 3.963e-05     0.103   0.01339   0.04591
     1/199     1.12G    0.0786  0.007688    0.0367     0.123        12       640    0.3752  0.005068  9.46e-05 1.459e-05    0.1024    0.0131   0.04308
     2/199     1.12G   0.07786  0.006799   0.03151    0.1162        27       640  0.000168   0.07095 0.0003257 6.751e-05     0.101   0.01304   0.04306
     3/199     1.12G   0.07559  0.006767   0.02821    0.1106        12       640 0.0002208   0.05146 6.737e-05 2.102e-05   0.09797   0.01523   0.04273
     4/199     1.12G   0.07201  0.007737   0.02538    0.1051         7       640  0.003407   0.05088   0.00134 0.0004295   0.09629   0.01609   0.04217
     5/199     1.12G   0.06995   0.00811   0.02437    0.1024        13       640    0.2554   0.04959  0.001561  0.000364   0.09659   0.01482   0.04458
     6/199     1.12G   0.06713  0.007998   0.02271   0.09784        11       640    0.6644   0.05801    0.0187  0.002749   0.09262   0.01731    0.0437
     7/199     1.12G    0.0661   0.00745   0.02087   0.09443        16       640    0.6781    0.1022   0.05269   0.01466   0.09557   0.01418   0.04676
     8/199     1.12G   0.06343  0.007113   0.01883   0.08937        14       640    0.8176   0.05794   0.07234   0.02433    0.0908   0.01604   0.04476
     9/199     1.12G   0.06166  0.006979   0.01688   0.08551        12       640    0.2119   0.06402   0.05734   0.01949    0.1003   0.01416     0.069
    10/199     1.12G   0.06127  0.006626   0.01486   0.08275        11       640    0.7953   0.05253   0.03976   0.01011   0.09083   0.01371    0.0493
    11/199     1.12G   0.06076  0.006642   0.01448   0.08188        13       640    0.8774    0.1575     0.135   0.04549   0.08932   0.01376    0.0476
    12/199     1.12G   0.05921  0.006427    0.0124   0.07803        15       640    0.8045     0.121     0.137   0.04356   0.08744    0.0149   0.04667
    13/199     1.12G   0.05771  0.006315   0.01095   0.07497        11       640    0.7646    0.1383    0.1178   0.04241    0.0915   0.01481   0.05324
    14/199     1.12G   0.05674   0.00659  0.009827   0.07315        10       640    0.5096    0.2982    0.2413   0.09318   0.08256   0.01305   0.04854
    15/199     1.12G   0.05795  0.006428   0.00991   0.07429        10       640    0.9117   0.06601   0.09407    0.0304   0.09113    0.0163    0.0603
    16/199     1.12G   0.05607  0.006451  0.008592   0.07111        13       640    0.7115    0.1997     0.234   0.08497   0.09103   0.01796   0.05715
    17/199     1.12G   0.05566  0.006329  0.008514    0.0705        19       640    0.3509    0.3147    0.2596   0.08787   0.08624    0.0166   0.04966
    18/199     1.12G   0.05355  0.006232  0.007537   0.06731        15       640    0.8054    0.2003    0.2366   0.08249   0.08709   0.01425    0.0488
    19/199     1.12G   0.05389  0.006025   0.00667   0.06658        13       640    0.9943   0.06401   0.06322   0.02144    0.1013   0.01888   0.09195
    20/199     1.12G     0.054  0.006172  0.007745   0.06791         7       640    0.5603    0.4889    0.4969    0.1727   0.08415   0.01328   0.05265
    21/199     1.12G   0.05303  0.006021  0.006926   0.06598        17       640    0.5939    0.5919    0.5959    0.2563   0.07755    0.0118   0.04363
    22/199     1.12G   0.05324  0.006085   0.00643   0.06576        14       640    0.4213    0.4831    0.4822    0.1686   0.08068    0.0136   0.04477
    23/199     1.12G   0.05123    0.0059    0.0057   0.06283        20       640    0.8108   0.05486   0.05447   0.01674   0.09816   0.01952   0.09378
    24/199     1.12G   0.05139  0.005868  0.005492   0.06275        14       640    0.5293    0.1957    0.2156   0.09512   0.08992   0.01864   0.05961
    25/199     1.12G   0.05152  0.005757  0.005416   0.06269        11       640    0.7384    0.3466    0.4316    0.1384   0.08116   0.01447   0.04274
    26/199     1.12G   0.05012  0.005738  0.005246   0.06111        13       640    0.7825    0.4598    0.6015    0.2456   0.07929   0.01212   0.04634
    27/199     1.12G   0.04939  0.005791  0.004272   0.05946        22       640    0.7025    0.6359    0.6962    0.3264    0.0754   0.01226   0.04179
    28/199     1.12G   0.04963  0.005791  0.003997   0.05942        18       640    0.7171    0.4815    0.5445    0.2368   0.07606   0.01292   0.04165
    29/199     1.12G   0.05007  0.005718  0.005559   0.06134        11       640    0.6785    0.3371     0.489    0.1838   0.08294   0.02003   0.05116
    30/199     1.12G   0.04849  0.005681  0.004594   0.05877        12       640    0.8513    0.5621    0.7068    0.3213   0.07584   0.01192   0.04216
    31/199     1.12G   0.04848  0.005845  0.004335   0.05866         7       640    0.7474    0.5011    0.5318    0.2075   0.07869   0.01266   0.04352
    32/199     1.12G   0.04847  0.005567   0.00428   0.05832        15       640    0.8091    0.5192    0.6687    0.2961   0.07665   0.01334   0.04202
    33/199     1.12G   0.04822  0.005628  0.005043   0.05889        10       640    0.6671    0.6822    0.7454    0.3465   0.07253   0.01192   0.04692
    34/199     1.12G   0.04774   0.00563  0.004102   0.05748        23       640    0.7376     0.631    0.7455    0.2801   0.07499   0.01169   0.04345
    35/199     1.12G   0.04665  0.005693  0.004565    0.0569        18       640    0.6122    0.2474    0.2354   0.09099   0.09093   0.01526   0.07678
    36/199     1.12G   0.04706  0.005593  0.004148    0.0568        15       640    0.7055    0.6505    0.7129    0.3427   0.07339    0.0117   0.04224
    37/199     1.12G   0.04676  0.005718  0.003718   0.05619        25       640    0.4394    0.2494    0.2431    0.1029   0.08597   0.01452   0.06443
    38/199     1.12G   0.04679   0.00569  0.004102   0.05658        25       640    0.6003    0.5892    0.6517    0.2784    0.0763   0.01214   0.04216
    39/199     1.12G   0.04646  0.005584  0.003606   0.05565        14       640    0.8214    0.3989    0.6239    0.2618   0.07813   0.01358    0.0429
    40/199     1.12G   0.04565   0.00542   0.00371   0.05478        10       640    0.5745    0.5186    0.5433      0.24   0.07673   0.01317   0.04447
    41/199     1.12G   0.04594  0.005785  0.004081   0.05581        26       640    0.8075    0.5831    0.7145    0.2809   0.07479   0.01136   0.04701
    42/199     1.12G   0.04617  0.005661  0.004198   0.05603        18       640    0.4279     0.119   0.09543   0.03672   0.09335   0.01647   0.07731
    43/199     1.12G   0.04563   0.00573  0.003384   0.05474        12       640    0.6439    0.5647    0.6757    0.3212   0.07532   0.01353   0.04354
    44/199     1.12G   0.04518  0.005582  0.003446   0.05421        22       640    0.6916    0.4823    0.6232    0.2715   0.07482   0.01229   0.04478
    45/199     1.12G   0.04517   0.00557  0.003622   0.05436        19       640    0.7171    0.5065    0.6222    0.2697   0.07672   0.01441   0.04243
    46/199     1.12G   0.04505  0.005565  0.003137   0.05375        10       640    0.6318     0.235    0.2731    0.1047   0.08288   0.01437   0.05268
    47/199     1.12G   0.04399  0.005496  0.003036   0.05252         8       640     0.757    0.7911    0.8323    0.4145    0.0682   0.01125   0.04044
    48/199     1.12G   0.04475   0.00547  0.003338   0.05356         6       640    0.8056    0.7754    0.8379    0.3951   0.06875   0.01148   0.04312
    49/199     1.12G   0.04389  0.005451  0.003092   0.05243        14       640    0.6693    0.2594    0.3047    0.1179   0.08119    0.0143   0.05753
    50/199     1.12G   0.04633  0.005647  0.004421    0.0564        21       640    0.8068    0.6663    0.7415    0.3643   0.07178   0.01163   0.05341
    51/199     1.12G   0.04484  0.005453  0.003533   0.05383        18       640    0.8012    0.4964    0.6472    0.3298   0.07252   0.01263   0.04326
    52/199     1.12G   0.04376  0.005292  0.003265   0.05232        21       640    0.6897    0.7198    0.7327    0.3682   0.06987    0.0115   0.04049
    53/199     1.12G   0.04381  0.005404  0.003326   0.05254        17       640    0.7273    0.7793     0.824    0.4123   0.06835   0.01132   0.04757
    54/199     1.12G   0.04386  0.005314   0.00293   0.05211        15       640    0.7981    0.6174    0.7639     0.358    0.0706   0.01158   0.04074
    55/199     1.12G   0.04373  0.005436  0.003611   0.05278        16       640    0.6781    0.5137    0.5487    0.2028   0.07607   0.01448   0.04483
    56/199     1.12G   0.04334  0.005425  0.002789   0.05156        13       640    0.7923    0.3903    0.5039    0.2268   0.07375   0.01283   0.04538
    57/199     1.12G   0.04226  0.005364  0.002469   0.05009        13       640    0.8372    0.7936    0.8496    0.4569   0.06641   0.01102   0.04097
    58/199     1.12G   0.04196  0.005413  0.002856   0.05023         6       640    0.8386    0.5522    0.7341    0.3552   0.07296   0.01275   0.04203
    59/199     1.12G    0.0423   0.00552  0.002943   0.05076        16       640    0.6461     0.595    0.6543    0.2821   0.07311    0.0131   0.04602
    60/199     1.12G   0.04219   0.00542   0.00292   0.05053         9       640    0.8377    0.4129    0.5199    0.2454   0.07194   0.01259   0.04611
    61/199     1.12G   0.04243  0.005411  0.003047   0.05088         9       640    0.7383    0.7296     0.759    0.3865    0.0714   0.01211   0.04051
    62/199     1.12G   0.04152  0.005302  0.002805   0.04963        14       640    0.8701    0.7941    0.8846    0.4598    0.0672   0.01095   0.04277
    63/199     1.12G   0.04177  0.005509  0.003173   0.05045        13       640    0.7936    0.8069    0.8642    0.4365   0.06746   0.01126   0.04101
    64/199     1.12G   0.04128  0.005319  0.002492   0.04909         8       640    0.8668     0.797    0.8906    0.4612   0.06498   0.01141   0.04006
    65/199     1.12G   0.04145  0.005408  0.002909   0.04976         8       640    0.6786    0.4537    0.5782    0.2848   0.07152   0.01236   0.04299
    66/199     1.12G   0.04219  0.005461  0.002743   0.05039        24       640     0.614    0.4888     0.547    0.2426   0.07513   0.01653   0.04543
    67/199     1.12G   0.04113  0.005415  0.002588   0.04914        13       640    0.5956    0.3308    0.3425    0.1557   0.07717   0.01597   0.05115
    68/199     1.12G   0.04123  0.005248  0.002397   0.04888        12       640    0.8053     0.787    0.8263    0.4381   0.06704   0.01217   0.04064
    69/199     1.12G    0.0415  0.005319   0.00249   0.04931        15       640    0.7271    0.8485     0.894    0.4677   0.06464   0.01108   0.03721
    70/199     1.12G   0.04161   0.00531  0.002439   0.04936        21       640    0.5555    0.4142    0.4473    0.1923   0.07689   0.01361   0.04743
    71/199     1.12G   0.04042  0.005211  0.002076   0.04771        17       640    0.8842    0.7634    0.8507    0.4467   0.06823   0.01211   0.03675
    72/199     1.12G   0.04113  0.005221  0.002742    0.0491        27       640    0.8024    0.3282    0.3565    0.1597   0.07696   0.01475   0.04457
    73/199     1.12G   0.04039  0.005281  0.002512   0.04819        10       640    0.8766    0.8088    0.8764    0.4496   0.06555   0.01091   0.03849
    74/199     1.12G   0.04023   0.00527  0.002364   0.04787        18       640    0.8383    0.8124    0.8654    0.4502   0.06484   0.01153   0.03635
    75/199     1.12G    0.0404  0.005194  0.002157   0.04775        19       640    0.8654    0.4732    0.6706    0.3604   0.06958   0.01373   0.04036
    76/199     1.12G   0.04143  0.005293  0.003035   0.04976        21       640    0.6858    0.7752    0.7817    0.3766   0.06847   0.01217   0.04175
    77/199     1.12G   0.03971  0.005193  0.002709   0.04761        15       640    0.8704    0.7859    0.8692    0.4834   0.06293   0.01145   0.03718
    78/199     1.12G    0.0405  0.005256  0.002266   0.04802        16       640    0.8357    0.7925    0.8725    0.4725   0.06378   0.01114   0.03661
    79/199     1.12G   0.04059  0.005261  0.002218   0.04806        15       640    0.9046    0.8085    0.9033    0.5088   0.06254   0.01106   0.03691
    80/199     1.12G   0.03952  0.005143  0.001997   0.04666        16       640    0.7742    0.7249    0.8175    0.3873   0.06689   0.01198   0.03773
    81/199     1.12G    0.0397  0.005202  0.002105     0.047        11       640    0.7872    0.7909    0.8505    0.4607   0.06533   0.01157    0.0363
    82/199     1.12G    0.0398  0.005267  0.002439   0.04751        13       640    0.8018     0.857    0.8555    0.4616   0.06328   0.01085   0.03781
    83/199     1.12G   0.03974  0.005116  0.002524   0.04738        18       640    0.8689    0.6963    0.8068    0.3748   0.06748   0.01245    0.0383
    84/199     1.12G   0.03939  0.005216  0.002245   0.04685        29       640    0.8809    0.7858    0.8556    0.4548    0.0673   0.01169   0.03729
    85/199     1.12G   0.03991  0.005211  0.002335   0.04745        15       640     0.772    0.5442    0.6619    0.3048   0.06845   0.01291    0.0408
    86/199     1.12G   0.03846  0.005172  0.002403   0.04603        20       640    0.7195    0.8662    0.8905    0.4623   0.06462   0.01105   0.03652
    87/199     1.12G   0.03922  0.005155   0.00242   0.04679        12       640    0.8577    0.6617    0.8257    0.4124   0.06647   0.01163   0.03677
    88/199     1.12G   0.03908  0.005165   0.00245    0.0467        26       640    0.8479    0.8481     0.906    0.4867   0.06322   0.01097   0.03542
    89/199     1.12G   0.03935  0.005177  0.002875    0.0474        13       640    0.8689    0.8758    0.9222      0.49   0.06226     0.011   0.03671
    90/199     1.12G   0.03903  0.005123  0.002434   0.04658        16       640    0.8765    0.8733    0.9157    0.5004   0.06325   0.01124   0.03816
    91/199     1.12G   0.03877  0.005086   0.00227   0.04612        23       640    0.6283    0.6542    0.7293     0.374   0.06891   0.01237   0.03898
    92/199     1.12G   0.03843  0.005065  0.001833   0.04532        24       640     0.777    0.8487    0.8847    0.4792   0.06515   0.01136   0.03561
    93/199     1.12G   0.03879  0.005155  0.002362   0.04631        19       640    0.8787    0.8024    0.8992    0.5348   0.06241   0.01146    0.0358
    94/199     1.12G   0.03884  0.005025  0.002281   0.04614        13       640    0.9079    0.8573    0.9331    0.5062   0.06224   0.01055   0.03474
    95/199     1.12G   0.03922  0.005144  0.002524   0.04689        15       640    0.9167    0.8396     0.923    0.5367   0.06119   0.01099   0.03565
    96/199     1.12G   0.03796  0.005081  0.001876   0.04491        22       640    0.8251    0.7356    0.8544    0.4828   0.06533   0.01184   0.03652
    97/199     1.12G   0.03811  0.004997  0.001971   0.04508        13       640    0.8576    0.8346    0.8998    0.5062   0.06364    0.0109   0.03657
    98/199     1.12G   0.03867  0.005122  0.002032   0.04582        13       640    0.8578    0.8025    0.8956    0.4688   0.06524   0.01139   0.03547
    99/199     1.12G   0.03817  0.005076  0.002007   0.04525        11       640    0.8354    0.8801    0.9204    0.5217   0.06136   0.01076   0.03504
   100/199     1.12G   0.03795  0.005105  0.002248    0.0453        16       640    0.7652    0.8843    0.8942      0.49     0.064   0.01087   0.03553
   101/199     1.12G   0.03773  0.005111  0.002034   0.04488        15       640    0.8894    0.8269    0.9178    0.5224   0.06222   0.01111   0.03509
   102/199     1.12G   0.03764  0.004959  0.001716   0.04432        19       640    0.7622    0.5498    0.6841    0.3003   0.07073   0.01248   0.04111
   103/199     1.12G    0.0376  0.005063  0.001811   0.04447        20       640    0.8219    0.7419    0.8388    0.4573   0.06538   0.01185   0.03705
   104/199     1.12G   0.03727  0.005036  0.001765   0.04407        17       640    0.8987    0.7016    0.8489    0.4346   0.06528   0.01116    0.0364
   105/199     1.12G   0.03689  0.005001  0.001706    0.0436        15       640    0.8911    0.3909    0.4688    0.2446   0.07209   0.01343   0.04332
   106/199     1.12G   0.03667  0.004951  0.001779    0.0434        17       640    0.8725    0.8933    0.9185    0.5374   0.06107   0.01066   0.03534
   107/199     1.12G   0.03793  0.005065  0.002174   0.04517        15       640    0.9048    0.8807    0.9393    0.5624   0.06095   0.01078   0.03704
   108/199     1.12G   0.03662  0.005044  0.001902   0.04356        12       640    0.8338    0.8443    0.8985    0.5153   0.06441   0.01079   0.03816
   109/199     1.12G   0.03695  0.004862   0.00195   0.04376        17       640    0.9191    0.8164    0.9068    0.5322   0.06237   0.01087   0.03529
   110/199     1.12G   0.03693  0.004942  0.001899   0.04377         7       640    0.9193    0.8816    0.9398    0.5586    0.0601   0.01082   0.03721
   111/199     1.12G   0.03685  0.005042   0.00156   0.04345        17       640    0.9121    0.8713    0.9345     0.574   0.06034   0.01069   0.03761
   112/199     1.12G   0.03704  0.004878  0.001519   0.04344        12       640    0.8928    0.9063    0.9303    0.5609   0.06155   0.01051   0.03765
   113/199     1.12G   0.03698   0.00508  0.002204   0.04426        12       640    0.7478    0.5516    0.7063    0.3638   0.06908   0.01212   0.03914
   114/199     1.12G   0.03677  0.004979  0.001962   0.04371        15       640    0.9161    0.8911    0.9398    0.5472   0.06091   0.01043    0.0359
   115/199     1.12G   0.03575  0.004865  0.001745   0.04236        17       640    0.8975    0.8781    0.9217    0.5318   0.06305   0.01049   0.03606
   116/199     1.12G   0.03621  0.005101  0.002133   0.04344        13       640    0.9376    0.8797    0.9471    0.5736   0.06033    0.0106   0.03598
   117/199     1.12G   0.03573  0.004847  0.001898   0.04248        15       640    0.9074    0.9148    0.9479    0.5715   0.06022   0.01041    0.0352
   118/199     1.12G   0.03623  0.004952  0.001673   0.04286        16       640    0.9277    0.8542    0.9337     0.584   0.06071   0.01076   0.03539
   119/199     1.12G    0.0361  0.004979  0.001942   0.04303        21       640    0.9064    0.8609    0.9223    0.5828    0.0602   0.01069    0.0349
   120/199     1.12G   0.03571   0.00491  0.001634   0.04225        11       640    0.9382    0.8537     0.938    0.5888   0.05965   0.01053   0.03599
   121/199     1.12G   0.03574  0.004889   0.00192   0.04255        13       640    0.9397    0.8504    0.9326     0.599   0.05965   0.01053   0.03679
   122/199     1.12G   0.03633  0.005095  0.001611   0.04304        12       640    0.8274    0.8513    0.8861     0.502   0.06272   0.01085   0.03573
   123/199     1.12G   0.03572  0.004946  0.001873   0.04254        11       640    0.9264    0.8741    0.9357     0.567   0.05978   0.01058   0.03546
   124/199     1.12G    0.0366  0.004928  0.002132   0.04366        13       640    0.9485    0.8266    0.9194    0.5617    0.0613   0.01083   0.03512
   125/199     1.12G   0.03579  0.004909  0.001948   0.04265         9       640    0.8854    0.8799    0.9185     0.561   0.06124   0.01087   0.03597
   126/199     1.12G   0.03635  0.004819    0.0015   0.04266        19       640    0.9087    0.8814    0.9374    0.5853   0.05976   0.01039   0.03526
   127/199     1.12G   0.03551  0.004742  0.002008   0.04226         9       640    0.9129    0.8963    0.9446    0.5939   0.05942   0.01039   0.03405
   128/199     1.12G   0.03573  0.004944  0.001816   0.04249        21       640     0.848    0.7972    0.8787    0.5055   0.06356   0.01144   0.03599
   129/199     1.12G   0.03521  0.004782  0.001995   0.04199        23       640      0.93     0.854    0.9272    0.5624   0.06035   0.01041    0.0348
   130/199     1.12G   0.03498  0.004786   0.00183    0.0416        13       640    0.9247    0.8772    0.9221    0.5486   0.06165   0.01062   0.03556
   131/199     1.12G   0.03527  0.004981  0.001824   0.04208        10       640    0.8409    0.8935    0.9206    0.5308   0.06084   0.01038   0.03268
   132/199     1.12G   0.03592  0.004736  0.002107   0.04276        14       640    0.8874    0.9071    0.9436    0.5922   0.05934   0.01032   0.03441
   133/199     1.12G   0.03566  0.004857   0.00183   0.04234        20       640    0.8836    0.8627    0.9249    0.5566   0.06068   0.01043   0.03392
   134/199     1.12G   0.03533  0.004747  0.001632   0.04171         7       640    0.9081    0.8689    0.9274    0.5733    0.0599   0.01063   0.03499
   135/199     1.12G   0.03415  0.004848  0.001833   0.04083        11       640    0.9462    0.8954    0.9468     0.589   0.05957   0.01031   0.03433
   136/199     1.12G   0.03504    0.0049  0.001626   0.04157        18       640     0.936     0.882    0.9375    0.5804   0.05948   0.01029   0.03362
   137/199     1.12G   0.03434  0.004829  0.001462   0.04063        18       640    0.9095    0.9066    0.9388    0.5845   0.05953   0.01046   0.03445
   138/199     1.12G   0.03494  0.004794  0.002109   0.04184         9       640    0.9136    0.9055    0.9312    0.5741   0.05961   0.01029   0.03431
   139/199     1.12G   0.03503  0.004737  0.001953   0.04172        14       640    0.8855    0.9209    0.9445    0.5838    0.0589   0.01037   0.03415
   140/199     1.12G   0.03462  0.004658  0.001713   0.04099        10       640    0.9144    0.8763     0.938    0.5942   0.05897   0.01053   0.03417
   141/199     1.12G   0.03507  0.004759   0.00165   0.04148         6       640    0.9356    0.9013    0.9382    0.5768   0.05989   0.01033   0.03333
   142/199     1.12G   0.03447  0.004792  0.001604   0.04087         6       640     0.913    0.9052    0.9354    0.5752   0.05936   0.01034   0.03398
   143/199     1.12G   0.03458  0.004794  0.001597   0.04097        13       640    0.9188    0.8877      0.94    0.5704    0.0598   0.01034   0.03409
   144/199     1.12G   0.03451  0.004844  0.001472   0.04082        22       640    0.9206    0.8955    0.9428    0.5793    0.0591   0.01046   0.03477
   145/199     1.12G   0.03445  0.004745  0.001529   0.04072        21       640    0.9201    0.8838    0.9403    0.5771   0.05974   0.01028   0.03487
   146/199     1.12G   0.03476  0.004837  0.001782   0.04137        26       640      0.92    0.9126    0.9517    0.5956   0.05895   0.01024   0.03408
   147/199     1.12G   0.03411  0.004706  0.001426   0.04024        12       640    0.8605    0.8667    0.9085    0.5266   0.06101   0.01059   0.03364
   148/199     1.12G   0.03465  0.004807   0.00177   0.04122        19       640     0.877    0.8863     0.931    0.5698   0.06009   0.01078   0.03458
   149/199     1.12G    0.0344  0.004813  0.001555   0.04077        14       640    0.9505    0.8959    0.9517    0.6209    0.0588   0.01023   0.03472
   150/199     1.12G   0.03383  0.004744  0.001516   0.04009        10       640    0.9297    0.9064     0.949    0.6084   0.05862   0.01042   0.03464
   151/199     1.12G   0.03399  0.004658   0.00156   0.04021        17       640    0.8988    0.8961     0.944    0.6009   0.05937   0.01049   0.03429
   152/199     1.12G   0.03417  0.004801  0.001471   0.04044        23       640    0.9518    0.8804    0.9376    0.5901   0.05922   0.01046   0.03569
   153/199     1.12G   0.03354  0.004747  0.001426   0.03971        16       640    0.9355    0.8945    0.9545    0.6095   0.05857    0.0103   0.03413
   154/199     1.12G   0.03322  0.004741  0.001391   0.03935        22       640    0.9465    0.8991    0.9401    0.6029   0.05848   0.01017   0.03344
   155/199     1.12G   0.03352  0.004628  0.001844   0.03999        24       640    0.9535    0.9128    0.9526    0.6088    0.0582   0.01018   0.03394
   156/199     1.12G   0.03347  0.004814  0.001464   0.03975         6       640    0.9525    0.9064    0.9536    0.6105   0.05775   0.01025   0.03428
   157/199     1.12G   0.03409  0.004726  0.001593   0.04041        12       640    0.9414    0.8907    0.9362    0.5946   0.05868   0.01028   0.03447
   158/199     1.12G   0.03377  0.004796   0.00144   0.04001        18       640    0.9333    0.8958    0.9449    0.6105   0.05826   0.01024   0.03498
   159/199     1.12G   0.03375  0.004794  0.001703   0.04025        12       640    0.9052    0.8926    0.9434    0.5889    0.0586   0.01049   0.03444
   160/199     1.12G    0.0335  0.004709  0.001836   0.04004        11       640    0.9586    0.8659    0.9451    0.6061   0.05782   0.01022   0.03462
   161/199     1.12G   0.03409  0.004655  0.001549   0.04029         4       640    0.9206    0.9248    0.9469    0.6105   0.05813   0.01026   0.03432
   162/199     1.12G   0.03411  0.004688  0.001313   0.04011        11       640     0.941    0.8937    0.9509    0.6088   0.05824   0.01025   0.03402
   163/199     1.12G   0.03395   0.00467  0.001428   0.04005         5       640    0.9434    0.9034     0.951    0.6115   0.05806   0.01026   0.03419
   164/199     1.12G   0.03348  0.004738    0.0015   0.03971        26       640     0.946    0.9027    0.9478    0.6066   0.05823   0.01019   0.03404
   165/199     1.12G   0.03346  0.004654  0.001499   0.03962        19       640    0.9399    0.9096    0.9501    0.6138     0.058    0.0102   0.03416
   166/199     1.12G   0.03294  0.004818   0.00133   0.03908        19       640    0.9584    0.8994     0.953    0.6161   0.05767   0.01015   0.03408
   167/199     1.12G   0.03324  0.004644  0.001547   0.03943        21       640    0.9482    0.9103    0.9556     0.618   0.05789   0.01019   0.03396
   168/199     1.12G   0.03344  0.004617  0.001482   0.03954        12       640    0.9325    0.9174    0.9552    0.6156   0.05789   0.01013   0.03407
   169/199     1.12G   0.03326  0.004607  0.001197   0.03906        14       640    0.9169    0.9254    0.9524    0.6153   0.05806   0.01025   0.03431
   170/199     1.12G   0.03329  0.004687  0.001531    0.0395        21       640    0.9551    0.9007    0.9549    0.6087   0.05784   0.01012   0.03397
   171/199     1.12G   0.03309  0.004707   0.00156   0.03936        16       640     0.955    0.9059    0.9503    0.6103   0.05815   0.01013   0.03409
   172/199     1.12G   0.03263  0.004721  0.001509   0.03886        15       640    0.9539    0.9098    0.9543    0.6123   0.05763   0.01014   0.03417
   173/199     1.12G   0.03267  0.004626  0.001216   0.03852        18       640    0.9344    0.9075    0.9548    0.6201   0.05767   0.01018   0.03439
   174/199     1.12G   0.03291  0.004728  0.001749   0.03938        13       640    0.9402    0.9121     0.944    0.6017   0.05836   0.01005   0.03386
   175/199     1.12G   0.03308  0.004706  0.001724   0.03951         8       640    0.9408     0.906    0.9481    0.6199   0.05787   0.01009   0.03434
   176/199     1.12G   0.03262  0.004755  0.001526    0.0389        18       640    0.9615    0.8901     0.954    0.6113   0.05767   0.01011   0.03421
   177/199     1.12G   0.03279  0.004736  0.001243   0.03877        12       640    0.9489    0.9029    0.9515    0.6166   0.05763   0.01017     0.034
   178/199     1.12G   0.03278   0.00462  0.001446   0.03885        10       640    0.9383    0.9127    0.9511    0.6197   0.05767   0.01013   0.03411
   179/199     1.12G    0.0332  0.004676  0.001512   0.03939        29       640    0.9314    0.9208    0.9536    0.6213   0.05765   0.01017   0.03409
   180/199     1.12G   0.03261  0.004719  0.001448   0.03878        11       640    0.9113    0.9396    0.9522    0.6172   0.05776   0.01006   0.03382
   181/199     1.12G    0.0326  0.004683  0.001213    0.0385        26       640    0.9223    0.9355    0.9534    0.6207   0.05785   0.01011    0.0337
   182/199     1.12G   0.03344  0.004785  0.001245   0.03947        20       640    0.9187    0.9373    0.9536    0.6211   0.05767   0.01011   0.03386
   183/199     1.12G   0.03276  0.004774  0.001685   0.03922        10       640    0.9203    0.9311    0.9521    0.6169   0.05776   0.01005   0.03389
   184/199     1.12G   0.03268  0.004736  0.001419   0.03883         9       640    0.9249    0.9284    0.9544    0.6207   0.05776   0.01012   0.03402
   185/199     1.12G   0.03228  0.004687  0.001377   0.03835        14       640    0.9292    0.9258    0.9544    0.6218   0.05767   0.01008   0.03394
   186/199     1.12G   0.03266  0.004685  0.001306   0.03866         7       640    0.9586    0.9031    0.9512    0.6164    0.0578   0.01004   0.03373
   187/199     1.12G   0.03299  0.004612  0.001538   0.03914        14       640    0.9344    0.9232    0.9546    0.6273   0.05757   0.01009   0.03389
   188/199     1.12G   0.03257  0.004639  0.001254   0.03846        14       640    0.9446    0.9129    0.9576    0.6295   0.05754   0.01011   0.03396
   189/199     1.12G   0.03243  0.004616  0.001326   0.03838        14       640      0.95    0.9172    0.9553    0.6287   0.05754   0.01006   0.03385
   190/199     1.12G   0.03247  0.004686  0.001468   0.03863        12       640    0.9501     0.913     0.955    0.6248    0.0575   0.01005   0.03386
   191/199     1.12G   0.03259  0.004566  0.001331   0.03848        15       640    0.9501    0.9144     0.955    0.6278   0.05748   0.01005   0.03394
   192/199     1.12G   0.03235    0.0045  0.001319   0.03817        10       640    0.9463    0.9182    0.9545    0.6182   0.05749   0.01005   0.03383
   193/199     1.12G   0.03259  0.004763  0.001269   0.03862        17       640    0.9478    0.9119    0.9549     0.619   0.05747   0.01008   0.03382
   194/199     1.12G   0.03283  0.004662  0.001424   0.03892        18       640    0.9456    0.9156    0.9536    0.6199   0.05755   0.01006    0.0338
   195/199     1.12G   0.03218  0.004742   0.00138    0.0383        22       640    0.9448    0.9184    0.9548    0.6267   0.05752   0.01004   0.03378
   196/199     1.12G   0.03206  0.004616  0.001467   0.03814        11       640    0.9403    0.9199    0.9587    0.6277   0.05748   0.01006   0.03383
   197/199     1.12G   0.03243  0.004677  0.001569   0.03867        14       640    0.9477    0.9139    0.9547    0.6268    0.0575   0.01005   0.03384
   198/199     1.12G   0.03241  0.004629  0.001518   0.03855        12       640    0.9472    0.9169    0.9538    0.6241   0.05751   0.01004   0.03382
   199/199     1.12G   0.03307   0.00463  0.001789   0.03949        13       640    0.9398    0.9208    0.9536    0.6286   0.05749   0.01008   0.03385
