     0/299    0.371G   0.08204   0.01324   0.04852    0.1438        10       640 9.831e-05   0.07134 2.853e-05 6.152e-06    0.1048   0.01215   0.04455
     1/299     1.57G   0.07938  0.007681   0.03655    0.1236         2       640    0.5003   0.02365 0.0001596 3.416e-05    0.1018    0.0121   0.04389
     2/299     1.57G   0.07687   0.00693   0.03012    0.1139        12       640 7.904e-05    0.0625 4.518e-05   7.7e-06     0.103   0.01294   0.04296
     3/299     1.57G   0.07579    0.0071   0.02727    0.1102        14       640  0.002105   0.04771 0.0004718 8.803e-05    0.1002   0.01447   0.04241
     4/299     1.57G   0.07024  0.008101   0.02436    0.1027        13       640   0.01062   0.02961  0.003294 0.0006959   0.09947   0.01548   0.04638
     5/299     1.57G   0.06664  0.008421   0.02328   0.09834        10       640     0.017  0.004322  0.001423 0.0002075    0.1132   0.01288   0.06027
     6/299     1.57G   0.06592  0.007607   0.02093   0.09446        14       640    0.3978  0.006565  0.005745  0.001187    0.1036   0.01714   0.05229
     7/299     1.57G   0.06378  0.007106   0.01932   0.09021        23       640   0.04244   0.05558   0.02237    0.0083     0.095   0.01715   0.05815
     8/299     1.57G   0.06253  0.007013   0.01705    0.0866        10       640    0.1812   0.09133   0.02734  0.007948   0.09236   0.01706   0.05292
     9/299     1.57G   0.06108  0.007044    0.0149   0.08303         7       640    0.8977     0.111    0.1262   0.04323   0.08612   0.01417   0.04973
    10/299     1.57G   0.05966  0.007139   0.01295   0.07975        17       640    0.5689    0.1283   0.05952   0.01924   0.08732   0.01611   0.05468
    11/299     1.57G   0.05878  0.007249   0.01182   0.07785        29       640    0.7145     0.105   0.07181    0.0214   0.08489   0.01543   0.04944
    12/299     1.57G   0.05807  0.007052   0.01053   0.07565        10       640   0.05939   0.07416   0.00307  0.000555    0.1017   0.07074    0.1215
    13/299     1.57G   0.05715  0.006826   0.01081   0.07479        13       640    0.9338   0.05183   0.06261   0.01831    0.0941   0.01842    0.0691
    14/299     1.57G   0.05727  0.006747  0.009769   0.07378        21       640    0.2905    0.4011    0.2688    0.0757   0.08488   0.01565   0.05312
    15/299     1.57G   0.05518  0.006679  0.008565   0.07042         9       640    0.9758   0.06504   0.07298   0.01604   0.09405   0.01722   0.05489
    16/299     1.57G   0.05583  0.006612  0.008137   0.07058        10       640    0.6112    0.3085    0.3699    0.1584   0.08005   0.01187   0.04801
    17/299     1.57G   0.05435  0.006569  0.007667   0.06858        29       640    0.5944    0.5625    0.5121    0.1725   0.07799   0.01366   0.05015
    18/299     1.57G   0.05355  0.006647  0.006783   0.06698        30       640     0.532    0.1632    0.1556   0.06445   0.09111    0.0169   0.05497
    19/299     1.57G   0.05264  0.006432  0.005746   0.06482        10       640    0.6333     0.334     0.379    0.1443   0.07973   0.01484   0.04516
    20/299     1.57G   0.05265  0.006403  0.005845    0.0649        14       640    0.3229    0.4157    0.2818     0.106   0.08488   0.02477   0.05494
    21/299     1.57G    0.0524  0.006521  0.006272    0.0652        10       640     0.601    0.1757    0.2032   0.09367    0.0856   0.01536   0.05241
    22/299     1.57G   0.05086  0.006117  0.005694   0.06268         8       640    0.4383    0.5313    0.4215    0.1677   0.07681    0.0127   0.05059
    23/299     1.57G   0.05068  0.006156    0.0054   0.06223        11       640    0.7343    0.1993    0.2125   0.08344   0.08667   0.01558   0.05073
    24/299     1.57G   0.05146  0.006055  0.005592    0.0631        15       640     0.697    0.2301    0.2318    0.1028   0.08199   0.01574    0.0561
    25/299     1.57G   0.05035  0.005923  0.004968   0.06124        10       640    0.6713    0.4772    0.4696    0.1929    0.0802   0.02905   0.05368
    26/299     1.57G   0.04959  0.005779  0.004793   0.06016        14       640    0.6922    0.1489    0.1762   0.05688    0.0909   0.02827   0.06254
    27/299     1.57G   0.04983  0.006153  0.004791   0.06077        17       640    0.8551    0.1136    0.1746    0.0691   0.08771   0.01693   0.05949
    28/299     1.57G   0.04835  0.006074  0.004346   0.05877        16       640     0.846    0.2114    0.2943    0.1316    0.0807   0.01689   0.05299
    29/299     1.57G   0.04867  0.005972   0.00438   0.05902        13       640    0.5417    0.3645    0.3607    0.1388   0.07681   0.01413    0.0404
    30/299     1.57G   0.04905  0.005815  0.004248   0.05912        13       640    0.4219    0.4291    0.3652    0.1334    0.0805   0.01412   0.04831
    31/299     1.57G   0.04905  0.005847  0.004327   0.05922        18       640    0.7034    0.4282    0.4539    0.1671   0.07316    0.0142   0.04417
    32/299     1.57G   0.04789  0.005919  0.004108   0.05792        16       640    0.6807    0.2226    0.2092   0.07102   0.08721   0.01996   0.06106
    33/299     1.57G   0.04688  0.006033  0.004073   0.05698        13       640     0.742    0.7288    0.7851    0.3716   0.06547    0.0108   0.04151
    34/299     1.57G   0.04603  0.005823  0.003775   0.05562        18       640    0.6841    0.1685    0.1727    0.0665   0.08908   0.02891   0.07281
    35/299     1.57G   0.04586  0.005914  0.003557   0.05533        20       640    0.3791     0.328    0.2232   0.08105   0.08543   0.01492   0.05215
    36/299     1.57G   0.04657  0.005897  0.003854   0.05632        17       640    0.9262   0.02027    0.0199  0.008253   0.09431   0.03412   0.07917
    37/299     1.57G   0.04587  0.005763  0.003854   0.05548         8       640     0.265   0.03235   0.00536   0.00212   0.09779   0.01477   0.06301
    38/299     1.57G   0.04556  0.005814  0.003224    0.0546        16       640    0.4796     0.217    0.2254   0.09956   0.08543   0.01423   0.04898
    39/299     1.57G   0.04576  0.005956  0.003443   0.05516        12       640    0.5762    0.3005     0.307     0.119   0.07892   0.01437   0.04656
    40/299     1.57G   0.04752  0.005953  0.004295   0.05777        10       640    0.5011   0.05793  0.001294  0.000486    0.1012   0.01661   0.07468
    41/299     1.57G   0.04684  0.005888  0.003943   0.05667        12       640    0.3284    0.2546    0.1557   0.07504   0.09005   0.01545   0.05592
    42/299     1.57G   0.04558  0.005678   0.00363   0.05489         6       640    0.5335    0.1054    0.1575   0.07355   0.09175   0.01443   0.06056
    43/299     1.57G   0.04536   0.00576  0.003432   0.05455        12       640     0.323    0.5136    0.3415    0.1297    0.0822    0.0261   0.04942
    44/299     1.57G   0.04504  0.005957   0.00339   0.05439        11       640    0.3377    0.3518    0.3199    0.1232   0.08199   0.01415   0.05122
    45/299     1.57G   0.04427  0.005607  0.003658   0.05354        25       640    0.8691    0.7219    0.8462    0.3886   0.06236   0.01032   0.04034
    46/299     1.57G    0.0437  0.005719   0.00319   0.05261        11       640    0.7749     0.814    0.8501     0.449   0.06133    0.0103   0.04009
    47/299     1.57G   0.04368  0.005723  0.002779   0.05218        12       640    0.8496    0.6302    0.8256    0.4213   0.06555   0.01136   0.04135
    48/299     1.57G   0.04336  0.005653  0.003056   0.05207         9       640    0.7972    0.7784     0.846    0.4238   0.06208   0.01066   0.03844
    49/299     1.57G   0.04436   0.00568  0.003117   0.05316        11       640    0.4917    0.5371    0.5165    0.2449   0.07089    0.0147    0.0427
    50/299     1.57G   0.04283  0.005564  0.002623   0.05102        10       640    0.5991    0.2365    0.2726    0.1327   0.07789   0.02201   0.05786
    51/299     1.57G   0.04307  0.005646  0.002894   0.05161         9       640    0.5976    0.6029    0.6425     0.306   0.06864   0.01195   0.04044
    52/299     1.57G   0.04334  0.005517  0.002499   0.05136        13       640    0.6229    0.3474    0.4301    0.1869   0.07199   0.01886   0.04525
    53/299     1.57G   0.04303  0.005688  0.002748   0.05147        25       640    0.7313    0.7572    0.8297    0.4108   0.06366   0.01554   0.03942
    54/299     1.57G   0.04321  0.005599  0.003119   0.05193        19       640    0.7404    0.4987    0.5648     0.261   0.06922   0.01317   0.04102
    55/299     1.57G   0.04286  0.005512  0.003125    0.0515        17       640    0.7266    0.7258    0.7797    0.3638   0.06604   0.01484    0.0409
    56/299     1.57G   0.04366  0.005623  0.002641   0.05192        25       640    0.5824    0.4675    0.5033     0.209   0.07584   0.01737   0.04367
    57/299     1.57G   0.04337  0.005441  0.002885    0.0517        20       640     0.835    0.8122     0.877    0.4739   0.05992   0.01043   0.04092
    58/299     1.57G   0.04252  0.005498  0.002129   0.05015        11       640    0.7344    0.2874    0.4141    0.1718   0.07499   0.01524   0.04651
    59/299     1.57G   0.04204  0.005427  0.002301   0.04977        11       640    0.1614    0.1736  0.006838  0.001578       0.1   0.02499    0.0785
    60/299     1.57G   0.04148  0.005321   0.00207   0.04887        12       640    0.8239    0.8085    0.8713    0.4511   0.05936    0.0108   0.03914
    61/299     1.57G   0.04217  0.005434  0.002667   0.05027        10       640    0.7885    0.8497    0.8842    0.4484   0.05906   0.01104   0.03957
    62/299     1.57G    0.0414  0.005533   0.00248   0.04941        11       640    0.8274    0.6224    0.7566    0.3789   0.06755   0.01406   0.04042
    63/299     1.57G   0.04134  0.005482  0.002407   0.04923        20       640    0.2622    0.1332    0.1121   0.06115   0.09183    0.0149   0.05746
    64/299     1.57G   0.04151  0.005335  0.002626   0.04947        30       640    0.7068    0.4823    0.5664    0.2476   0.07474   0.01499   0.04611
    65/299     1.57G   0.04048  0.005512  0.002336   0.04833        15       640    0.2519    0.3244    0.2429     0.106    0.0829    0.0152   0.05193
    66/299     1.57G   0.04164  0.005404  0.002483   0.04953        17       640    0.8313    0.8018    0.8855    0.4234   0.06073   0.01124   0.03997
    67/299     1.57G   0.04158  0.005573  0.002639    0.0498        11       640    0.3376    0.4378    0.3223    0.1417   0.07717   0.01333   0.04579
    68/299     1.57G   0.04117  0.005446  0.002052   0.04866        21       640    0.7707    0.2767    0.3288    0.1509   0.07527   0.01574   0.04564
    69/299     1.57G   0.04077  0.005389  0.002315   0.04847        11       640    0.4865    0.0435   0.04422   0.02165   0.09719   0.01683   0.06664
    70/299     1.57G   0.04123  0.005431  0.002333     0.049        17       640    0.6673    0.2592    0.3304    0.1546   0.07466   0.01623   0.04761
    71/299     1.57G     0.041  0.005319  0.002816   0.04913         7       640    0.8508    0.7391    0.8206    0.4162   0.06301    0.0109    0.0401
    72/299     1.57G   0.04049  0.005328  0.002002   0.04782        13       640    0.4417    0.4475    0.4077    0.1921   0.07445   0.01392   0.04555
    73/299     1.57G   0.04118  0.005391  0.002275   0.04884        18       640    0.5667    0.5377    0.5717    0.2764   0.06916   0.01244   0.04311
    74/299     1.57G   0.04097   0.00541  0.002502   0.04888        13       640     0.756    0.2964    0.3157    0.1487   0.07854    0.0162   0.04986
    75/299     1.57G   0.04058  0.005313  0.002288   0.04818         9       640    0.2103    0.2088    0.1682   0.08097   0.08575   0.01912   0.05885
    76/299     1.57G   0.04031  0.005402  0.001829   0.04754        22       640    0.7301     0.649    0.7374    0.3858   0.06384   0.01244   0.03872
    77/299     1.57G   0.04013   0.00529  0.002045   0.04746        20       640    0.5446    0.5827    0.5041    0.2154   0.07283   0.01358   0.04365
    78/299     1.57G   0.04064  0.005435  0.002815   0.04889        18       640     0.742    0.7713    0.8187    0.3906   0.06597   0.01149   0.03965
    79/299     1.57G   0.04053  0.005346  0.002298   0.04818        14       640    0.6756    0.5889    0.6475    0.3289    0.0689   0.01315   0.04104
    80/299     1.57G   0.04027  0.005427  0.002406    0.0481        19       640    0.8587     0.666    0.7822    0.3995   0.06483   0.01146   0.03963
    81/299     1.57G   0.03947   0.00533  0.001772   0.04657        17       640    0.9274    0.8489    0.9221    0.5551   0.05674   0.01024   0.03989
    82/299     1.57G   0.03912  0.005267  0.002009   0.04639        14       640    0.9253    0.8646    0.9345    0.5309   0.05698   0.01009   0.03971
    83/299     1.57G   0.03949  0.005384  0.002063   0.04694        18       640    0.2631    0.4136    0.2752    0.1162   0.07686   0.01624   0.04697
    84/299     1.57G    0.0396  0.005299  0.002219   0.04712        11       640    0.7992    0.2477    0.2961    0.1367   0.07911   0.01597   0.04832
    85/299     1.57G   0.03959  0.005223  0.001953   0.04677        18       640    0.7135    0.7555    0.8212    0.4193   0.06281   0.01135    0.0381
    86/299     1.57G   0.03957  0.005416  0.002135   0.04712        13       640    0.8994    0.8712    0.9234    0.5103   0.05607   0.01037   0.03887
    87/299     1.57G   0.03953  0.005224  0.002281   0.04703        26       640     0.511    0.2606    0.2788    0.1303   0.07851   0.01509   0.04743
    88/299     1.57G   0.03962  0.005418  0.002215   0.04725        19       640    0.8641    0.7782    0.8768    0.4732   0.06096   0.01115   0.03783
    89/299     1.57G   0.03925  0.005274  0.002282    0.0468         9       640    0.9275     0.807    0.9182    0.5103   0.05919   0.01089   0.03908
    90/299     1.57G   0.03915  0.005146  0.001734   0.04603        10       640    0.8994    0.7451     0.833    0.4283   0.06313    0.0108   0.03897
    91/299     1.57G   0.03943  0.005338  0.001867   0.04663        20       640    0.4251    0.2452    0.1643   0.05778   0.08582   0.02025   0.06248
    92/299     1.57G   0.03856   0.00515  0.002187    0.0459        17       640    0.3504    0.3765    0.3611    0.1575   0.07391   0.01535   0.04503
    93/299     1.57G   0.03905  0.005226  0.002056   0.04633        12       640     0.898    0.8627    0.9253    0.5294   0.05432   0.01023   0.03908
    94/299     1.57G   0.03874  0.005169  0.001961   0.04587        11       640    0.9247    0.8644    0.9284     0.528   0.05735   0.01004   0.03827
    95/299     1.57G    0.0385  0.005242  0.001971   0.04571        17       640    0.5948     0.639    0.6612    0.3338    0.0668   0.01275   0.04304
    96/299     1.57G    0.0383  0.005193   0.00205   0.04554        12       640    0.8766    0.8264    0.9046    0.5365   0.05744    0.0104    0.0389
    97/299     1.57G   0.03901  0.005269  0.002174   0.04645        12       640    0.3967    0.3799    0.3542    0.1593   0.07504   0.01552   0.05279
    98/299     1.57G   0.03918   0.00536  0.002103   0.04665        20       640    0.6469    0.1379    0.1919   0.06246   0.08591   0.01948     0.065
    99/299     1.57G    0.0386  0.005131  0.002438   0.04616         6       640     0.353    0.3171    0.2989     0.122   0.07572   0.02093   0.04992
   100/299     1.57G   0.03855  0.005432  0.002007   0.04599        18       640    0.7551    0.8229    0.8445    0.4546   0.06336   0.01178   0.03881
   101/299     1.57G   0.03842   0.00521  0.001928   0.04556        21       640    0.5101     0.482     0.445    0.2153   0.07292   0.01377   0.04324
   102/299     1.57G   0.03841  0.005239  0.001779   0.04542        16       640    0.8543    0.8337    0.9048    0.5091    0.0596   0.01114    0.0385
   103/299     1.57G   0.03809  0.005229   0.00233   0.04565         9       640    0.8895    0.9073    0.9395    0.5492    0.0569  0.009662   0.03821
   104/299     1.57G   0.03818  0.005171  0.002023   0.04537        20       640    0.7371    0.3135    0.4717    0.2212   0.07186   0.01434   0.04223
   105/299     1.57G   0.03756   0.00511  0.001768   0.04444        10       640    0.3992    0.3151    0.3807    0.1704   0.07288   0.01527   0.04528
   106/299     1.57G   0.03789  0.005262  0.001595   0.04474        28       640    0.8977    0.8565    0.9246     0.525   0.05872   0.01067   0.03661
   107/299     1.57G   0.03827  0.005341  0.002141   0.04575        24       640    0.9202    0.8806    0.9299    0.5144    0.0584   0.00993   0.03762
   108/299     1.57G   0.03869  0.005356  0.001989   0.04603        36       640    0.8845    0.8997    0.9378    0.5308   0.05578   0.01014   0.03794
   109/299     1.57G   0.03808  0.005236  0.001891    0.0452        21       640    0.7872    0.7285    0.8083      0.41   0.06559   0.01345   0.03864
   110/299     1.57G   0.03782  0.005078  0.001752   0.04465        10       640    0.8845    0.8248    0.8957    0.4817   0.05906   0.01082   0.04033
   111/299     1.57G   0.03689  0.005115  0.001851   0.04386        13       640    0.8269    0.7636     0.856    0.4384   0.05994    0.0109   0.03899
   112/299     1.57G   0.03806  0.005016  0.002338   0.04541        16       640    0.6672    0.5222    0.6152     0.299    0.0698   0.01517   0.04346
   113/299     1.57G    0.0377  0.005193  0.001624   0.04452        11       640     0.923    0.8761    0.9394    0.5326   0.05486  0.009786    0.0381
   114/299     1.57G   0.03754  0.005197  0.002042   0.04477         9       640    0.6668    0.5725    0.5985    0.3062   0.06603   0.01349   0.04124
   115/299     1.57G   0.03792  0.005217  0.001835   0.04497        15       640    0.7844    0.7898    0.8474    0.4362    0.0624   0.01295   0.03831
   116/299     1.57G   0.03725  0.005057  0.001692     0.044        29       640    0.7124    0.7689    0.7955    0.4309   0.06147   0.01144   0.03963
   117/299     1.57G   0.03761  0.005104  0.001588    0.0443        16       640    0.4355    0.3462    0.3285    0.1595   0.07463   0.01755   0.04545
   118/299     1.57G   0.03809  0.005129   0.00211   0.04533         9       640    0.9035     0.897      0.94    0.5531   0.05391   0.01051    0.0385
   119/299     1.57G   0.03726  0.005206   0.00182   0.04428        16       640    0.9384    0.8906    0.9459    0.5652   0.05387  0.009971   0.03849
   120/299     1.57G   0.03711  0.005185  0.002025   0.04432        22       640    0.8987    0.8833    0.9197    0.5054   0.05708   0.01015   0.03763
   121/299     1.57G   0.03732   0.00526  0.001985   0.04456        11       640    0.9206    0.8992    0.9368    0.5245   0.05542  0.009634    0.0381
   122/299     1.57G   0.03702  0.005131   0.00223   0.04438        13       640    0.8091    0.5512    0.7564    0.4046   0.06407   0.01289   0.03978
   123/299     1.57G    0.0368  0.005176  0.001797   0.04377        11       640    0.9416    0.8681    0.9384    0.5794   0.05316   0.01017   0.03802
   124/299     1.57G   0.03674  0.005226  0.001607   0.04358        10       640    0.6813    0.6973    0.7401    0.3968   0.06108   0.01173   0.03836
   125/299     1.57G   0.03648  0.005137  0.001764   0.04338         5       640    0.8961    0.8164    0.9102     0.535   0.05861   0.01129   0.03654
   126/299     1.57G   0.03637  0.005171  0.002046   0.04359        28       640    0.8891    0.7458    0.8901    0.4831   0.05871   0.01006   0.03733
   127/299     1.57G   0.03616  0.005053  0.001977    0.0432        18       640    0.7884    0.7519    0.8136    0.4443   0.06498   0.01292   0.03757
   128/299     1.57G   0.03696  0.005098  0.001925   0.04399        23       640    0.9205    0.9136     0.946    0.5657   0.05368  0.009404   0.03887
   129/299     1.57G   0.03664  0.005126  0.001531   0.04329        17       640    0.7692    0.5595    0.6873      0.34   0.06689   0.01307    0.0385
   130/299     1.57G   0.03603   0.00517  0.001594    0.0428        24       640    0.9221    0.9067    0.9413    0.5291   0.05606  0.009482   0.04002
   131/299     1.57G   0.03632  0.005066  0.001471   0.04286        14       640    0.9121    0.9231    0.9419    0.5707   0.05395  0.009801   0.03985
   132/299     1.57G   0.03699  0.005211  0.001985   0.04418        16       640     0.912    0.8914    0.9363    0.5739   0.05418   0.01004   0.03767
   133/299     1.57G   0.03602  0.005079  0.001703    0.0428        21       640    0.9021    0.8067    0.9035    0.4699    0.0588   0.01038   0.03767
   134/299     1.57G   0.03595  0.005079  0.001287   0.04232        12       640    0.9183    0.9144    0.9484    0.5504   0.05255  0.009569   0.03943
   135/299     1.57G   0.03646  0.005068   0.00206   0.04358        11       640    0.8707    0.9002    0.9472    0.5608   0.05516  0.009692   0.03776
   136/299     1.57G   0.03548  0.004938  0.001448   0.04186        15       640    0.8949     0.922    0.9476    0.5551   0.05475  0.009964   0.03786
   137/299     1.57G   0.03609  0.005007  0.001679   0.04278        12       640    0.9023    0.9179    0.9454    0.5759   0.05352   0.00952   0.03968
   138/299     1.57G   0.03618  0.005215  0.001739   0.04313        14       640    0.8901    0.8105    0.9198    0.5006   0.06085   0.01145   0.03735
   139/299     1.57G   0.03594  0.004932  0.001681   0.04255        18       640    0.9146    0.9283    0.9508     0.562   0.05518  0.009742   0.03846
   140/299     1.57G   0.03642   0.00515  0.002005   0.04357        17       640    0.8864    0.8988    0.9374    0.5504   0.05685  0.009774   0.03795
   141/299     1.57G   0.03605  0.005161  0.001438   0.04265        13       640    0.8459    0.7693    0.8746    0.4688   0.06241   0.01201   0.03706
   142/299     1.57G   0.03581  0.005061  0.001563   0.04244        13       640    0.9422    0.8959    0.9463     0.567   0.05331  0.009681   0.04041
   143/299     1.57G   0.03603  0.004882  0.001442   0.04235        11       640    0.8074     0.787    0.8795    0.4672   0.05975   0.01094   0.03823
   144/299     1.57G    0.0359  0.004905  0.001331   0.04213        12       640    0.9512    0.8864    0.9396     0.568    0.0525  0.009997   0.03856
   145/299     1.57G   0.03582  0.005012  0.001652   0.04249         8       640    0.9092    0.9199    0.9418     0.578   0.05345   0.01023   0.03855
   146/299     1.57G   0.03518   0.00501  0.001473   0.04167        16       640    0.9445    0.9196    0.9458    0.5719   0.05353  0.009555   0.03923
   147/299     1.57G   0.03556  0.004839   0.00135   0.04175        12       640    0.9256    0.9409    0.9526    0.5863   0.05264  0.009762   0.03866
   148/299     1.57G   0.03543  0.005028  0.001464   0.04192        18       640    0.9425    0.9072    0.9443    0.5644    0.0531  0.009685   0.03875
   149/299     1.57G   0.03515   0.00502  0.001377   0.04155        15       640    0.9099     0.922     0.948    0.5745   0.05349  0.009594   0.03876
   150/299     1.57G   0.03508  0.005099   0.00151   0.04169        20       640    0.9411    0.9162    0.9513    0.5864    0.0533  0.009623   0.03887
   151/299     1.57G   0.03562  0.004864  0.001501   0.04198        14       640    0.9013    0.8912      0.94    0.5707    0.0547   0.01002    0.0374
   152/299     1.57G   0.03552  0.004941   0.00194    0.0424        26       640    0.9281    0.9178     0.958    0.5896   0.05409   0.01002   0.03761
   153/299     1.57G   0.03532  0.004887  0.001381   0.04159        14       640    0.9464    0.9106    0.9533    0.5615    0.0522  0.009675   0.03863
   154/299     1.57G   0.03514  0.005114  0.001412   0.04166        11       640    0.9118    0.9357    0.9428    0.5692   0.05509  0.009822    0.0383
   155/299     1.57G   0.03511  0.004946  0.001649    0.0417        13       640    0.9314    0.9267    0.9484    0.5897    0.0536  0.009574   0.03748
   156/299     1.57G   0.03511  0.005038  0.001913   0.04206        20       640    0.9483    0.9152    0.9473    0.5915   0.05137  0.009786   0.03855
   157/299     1.57G   0.03514  0.004974  0.001503   0.04162        12       640    0.9273    0.9258    0.9457    0.5766    0.0522  0.009829   0.03781
   158/299     1.57G   0.03476   0.00498  0.001338   0.04108        13       640    0.9497     0.912    0.9499    0.5726   0.05219  0.009604   0.03932
   159/299     1.57G   0.03496  0.004819  0.001516   0.04129        12       640    0.8804    0.7964    0.8963    0.4906   0.05881   0.01183   0.03707
   160/299     1.57G   0.03468  0.004968  0.001457   0.04111        11       640    0.9293    0.9353    0.9498    0.5795   0.05267  0.009561   0.03952
   161/299     1.57G   0.03491  0.004917  0.001386   0.04121        14       640    0.9162    0.9208    0.9509    0.5903   0.05243   0.01002   0.03775
   162/299     1.57G     0.035  0.004964  0.001634    0.0416         9       640    0.9292    0.9334    0.9528    0.5965   0.05214  0.009594   0.03846
   163/299     1.57G   0.03539  0.004945  0.001316   0.04165         9       640    0.9251    0.9408    0.9545    0.5972   0.05283  0.009662   0.03867
   164/299     1.57G   0.03501  0.004987  0.001555   0.04155        23       640    0.9307    0.9165    0.9476    0.5847   0.05361  0.009711   0.03845
   165/299     1.57G   0.03502  0.005027  0.001598   0.04165        19       640    0.9383     0.924    0.9503    0.5932   0.05319  0.009667   0.03837
   166/299     1.57G   0.03513  0.005065  0.001564   0.04176        14       640    0.9227    0.9391    0.9514    0.6025   0.05338  0.009549   0.03756
   167/299     1.57G   0.03483  0.004949  0.001225     0.041        19       640    0.9158    0.9255    0.9495    0.5975   0.05303  0.009723   0.03905
   168/299     1.57G   0.03443  0.004824  0.001404   0.04066        15       640    0.9355    0.9252    0.9523     0.589   0.05327   0.00966    0.0394
   169/299     1.57G   0.03453  0.005057  0.001508    0.0411        19       640     0.928    0.9291      0.95    0.5927   0.05273   0.00965   0.03978
   170/299     1.57G   0.03413   0.00506    0.0014   0.04059        17       640    0.9282    0.9293    0.9488    0.6006   0.05197  0.009582   0.03959
   171/299     1.57G   0.03415  0.004987  0.001155   0.04029        16       640    0.9194    0.9309    0.9502    0.5903   0.05161   0.00978   0.03988
   172/299     1.57G   0.03424  0.004944  0.001327   0.04051        13       640    0.9235    0.8759    0.9347    0.5452   0.05567   0.01098   0.03827
   173/299     1.57G   0.03438  0.004832  0.001794   0.04101        20       640    0.9518    0.9076    0.9496    0.5871   0.05245  0.009452   0.03999
   174/299     1.57G    0.0346  0.004972  0.001725    0.0413        14       640    0.9296    0.9245     0.945    0.5802   0.05229  0.009495   0.03954
   175/299     1.57G   0.03524  0.005057  0.001369   0.04167         6       640    0.9108      0.89    0.9404    0.5842   0.05256   0.01023   0.03807
   176/299     1.57G   0.03455  0.005091  0.001836   0.04147        20       640     0.927    0.8884    0.9437    0.5941   0.05284   0.01009   0.03782
   177/299     1.57G   0.03423  0.004773  0.001843   0.04085         8       640    0.9382     0.911    0.9478     0.605   0.05222  0.009947   0.03871
   178/299     1.57G    0.0345  0.004963   0.00128   0.04074         8       640    0.9272    0.9171    0.9426    0.5805   0.05401  0.009488    0.0389
   179/299     1.57G   0.03433  0.004987  0.001559   0.04087        13       640    0.9393    0.9108    0.9485    0.5924   0.05259  0.009795     0.039
   180/299     1.57G   0.03383  0.005067  0.001352   0.04025        28       640    0.8951    0.8965    0.9399    0.5815   0.05402   0.01013   0.03788
   181/299     1.57G   0.03384  0.004908  0.001225   0.03998        16       640    0.9428    0.9201    0.9499    0.5885   0.05246  0.009576   0.03903
   182/299     1.57G   0.03434  0.004912  0.001419   0.04067        26       640    0.9415    0.9167    0.9482    0.5997   0.05282  0.009454   0.03927
   183/299     1.57G   0.03372  0.004816  0.001277   0.03981        11       640    0.9417    0.9242    0.9478    0.5715   0.05358  0.009366   0.03866
   184/299     1.57G   0.03348  0.004865  0.001295   0.03964        33       640    0.9145    0.9058    0.9418    0.5946   0.05329   0.01015   0.03772
   185/299     1.57G   0.03416  0.004938  0.001543   0.04064        20       640    0.9258    0.9382    0.9501    0.6025   0.05179  0.009721   0.03898
   186/299     1.57G   0.03358  0.004957  0.001207   0.03975        10       640    0.9366    0.9342    0.9494    0.6001   0.05157  0.009604   0.03911
   187/299     1.57G   0.03411  0.004931    0.0013   0.04034         9       640    0.9304    0.9278    0.9478    0.5952    0.0513  0.009494   0.03981
   188/299     1.57G   0.03367  0.004808  0.001338   0.03981        14       640    0.9372    0.9178    0.9476    0.6045   0.05085  0.009889   0.03927
   189/299     1.57G   0.03384  0.004963  0.001243   0.04005        22       640     0.926    0.9402     0.949    0.6116   0.05178  0.009514   0.03928
   190/299     1.57G   0.03371  0.004939  0.001413   0.04007         7       640    0.9314    0.9326    0.9501    0.6066   0.05146   0.00961   0.03916
   191/299     1.57G    0.0339  0.004625  0.001323   0.03985        14       640    0.9366    0.9213    0.9497    0.5933    0.0522  0.009394   0.03941
   192/299     1.57G   0.03359  0.004821  0.001141   0.03955        13       640    0.9353    0.9204    0.9496     0.592   0.05154  0.009455   0.03979
   193/299     1.57G   0.03346  0.004962  0.001095   0.03952         9       640    0.9369     0.924    0.9529    0.6123   0.05085  0.009615   0.03922
   194/299     1.57G   0.03326  0.004896 0.0009909   0.03915        13       640     0.942    0.9207    0.9544    0.5899   0.05163  0.009411   0.03916
   195/299     1.57G   0.03282  0.004855    0.0011   0.03878        17       640    0.9247    0.9251    0.9473    0.5669   0.05306  0.009423    0.0391
   196/299     1.57G   0.03354  0.004824  0.001226   0.03959        23       640    0.9397    0.9141    0.9542    0.5992   0.05145  0.009444   0.03977
   197/299     1.57G    0.0335  0.004823  0.001345   0.03967        14       640    0.9369     0.929    0.9558    0.6019    0.0515  0.009351   0.03961
   198/299     1.57G   0.03309  0.004777  0.001108   0.03898        11       640    0.9361    0.9311    0.9537    0.6003    0.0518  0.009328   0.03951
   199/299     1.57G   0.03331  0.004779  0.001406    0.0395         6       640    0.9129    0.9102     0.944    0.6063   0.05274      0.01   0.03797
   200/299     1.57G   0.03392  0.004907  0.001392   0.04022         5       640     0.922     0.926    0.9474    0.6148   0.05131  0.009639    0.0387
   201/299     1.57G     0.033  0.004856  0.001136   0.03899        10       640    0.9181    0.9325    0.9531    0.5909   0.05187  0.009411   0.03917
   202/299     1.57G   0.03307  0.004759   0.00128   0.03911        13       640    0.9267    0.9145    0.9481    0.5924   0.05197  0.009428   0.03861
   203/299     1.57G   0.03339   0.00472  0.001241   0.03935        24       640    0.9229     0.927    0.9506    0.5964   0.05197  0.009381   0.03779
   204/299     1.57G   0.03332  0.004926  0.001249    0.0395        23       640    0.9347    0.9187    0.9505    0.5906   0.05185   0.00924   0.03839
   205/299     1.57G   0.03292  0.004767   0.00128   0.03897         8       640    0.9272     0.933    0.9535    0.5944   0.05181  0.009347   0.03859
   206/299     1.57G   0.03296  0.004904  0.001024   0.03888        14       640    0.8927    0.9241    0.9507    0.6004   0.05189  0.009436   0.03885
   207/299     1.57G   0.03276  0.004953  0.001269   0.03899        16       640    0.8938    0.9202    0.9496    0.6053   0.05194  0.009547   0.03899
   208/299     1.57G   0.03294  0.004792  0.001044   0.03877         7       640    0.9191    0.9158    0.9503    0.5997   0.05121  0.009432   0.03963
   209/299     1.57G   0.03287  0.004944  0.001101   0.03891        13       640    0.9179    0.9202      0.95    0.6052   0.05125  0.009644   0.03905
   210/299     1.57G   0.03283  0.004884  0.001246   0.03896        18       640    0.9293     0.938     0.952     0.598   0.05099  0.009402   0.03982
   211/299     1.57G   0.03276  0.004664  0.001083    0.0385        16       640    0.9547    0.9175    0.9513    0.5973    0.0511  0.009375   0.03971
   212/299     1.57G   0.03269  0.004925  0.001195   0.03881        26       640    0.9409    0.9304    0.9536     0.599    0.0506  0.009437    0.0394
   213/299     1.57G   0.03265  0.004859  0.001178   0.03869        13       640    0.9453    0.9271    0.9536    0.5894    0.0507  0.009403   0.03933
   214/299     1.57G   0.03221    0.0049  0.001206   0.03832        25       640    0.9203    0.9329    0.9542    0.6031   0.05133  0.009721   0.03839
   215/299     1.57G   0.03238  0.004801  0.001117    0.0383        17       640    0.9112    0.9347    0.9556    0.6122   0.05159  0.009773   0.03834
   216/299     1.57G   0.03272  0.004752  0.001303   0.03878        15       640    0.9424    0.9299    0.9562    0.5984    0.0512  0.009287   0.03982
   217/299     1.57G   0.03298  0.004967  0.001239   0.03918        38       640    0.9373      0.93     0.957    0.6019   0.05134   0.00929   0.03985
   218/299     1.57G   0.03266  0.004673  0.001146   0.03848        16       640    0.9311    0.9367    0.9565    0.6099   0.05123  0.009309   0.04002
   219/299     1.57G   0.03293  0.004805   0.00124   0.03898        16       640    0.9362    0.9247    0.9479    0.5897   0.05208   0.00936   0.04011
   220/299     1.57G   0.03322  0.004754  0.001506   0.03948        13       640    0.9397    0.9296    0.9494    0.6067     0.051  0.009372   0.03998
   221/299     1.57G   0.03245  0.004807 0.0009238   0.03818        20       640    0.9193    0.9299    0.9517    0.6103   0.05056  0.009529   0.03956
   222/299     1.57G   0.03281  0.004816   0.00119   0.03882        28       640    0.9332    0.9142    0.9525    0.6134   0.05062  0.009526    0.0394
   223/299     1.57G   0.03195  0.004729  0.001196   0.03787        10       640     0.928    0.9281     0.957    0.6075   0.05091  0.009546   0.03926
   224/299     1.57G     0.032  0.004756  0.001033   0.03779        21       640    0.9277     0.936    0.9548    0.6089   0.05105  0.009306    0.0396
   225/299     1.57G   0.03254  0.004808  0.001291   0.03864        21       640    0.9276    0.9345    0.9551    0.6074   0.05104  0.009373   0.03922
   226/299     1.57G   0.03242  0.004831   0.00126   0.03851         8       640    0.9252     0.927    0.9504    0.6113   0.05142  0.009716   0.03842
   227/299     1.57G   0.03275  0.004787  0.001247   0.03879        20       640     0.936    0.9201    0.9517    0.6193   0.05121  0.009574   0.03871
   228/299     1.57G   0.03231  0.004812  0.001238   0.03836        14       640    0.9255     0.925    0.9566    0.6169   0.05129  0.009529   0.03851
   229/299     1.57G   0.03207  0.004744  0.001484    0.0383        19       640    0.9278    0.9289     0.955    0.5982   0.05157  0.009444   0.03889
   230/299     1.57G    0.0319  0.004852  0.001386   0.03814        14       640    0.9303     0.928     0.956    0.6194   0.05135  0.009418   0.03844
   231/299     1.57G   0.03217  0.004721  0.001175   0.03807        29       640    0.9409    0.9233    0.9559    0.6146   0.05147  0.009441   0.03834
   232/299     1.57G   0.03187  0.004784   0.00106   0.03771        13       640     0.932    0.9325    0.9572    0.6166    0.0516  0.009457   0.03809
   233/299     1.57G   0.03252  0.004793  0.001609   0.03892        12       640    0.9244    0.9363    0.9569    0.6164   0.05136  0.009452   0.03825
   234/299     1.57G   0.03174  0.004768 0.0008242   0.03733        11       640    0.9282    0.9168    0.9489    0.6075   0.05137  0.009732    0.0379
   235/299     1.57G   0.03241  0.004822  0.001183   0.03841        14       640    0.9324    0.9307    0.9556    0.6154   0.05123  0.009472   0.03855
   236/299     1.57G   0.03234  0.004761    0.0012    0.0383        11       640    0.9188    0.9383     0.955    0.6148   0.05108  0.009481   0.03866
   237/299     1.57G   0.03184   0.00479 0.0009923   0.03762        12       640    0.9196    0.9384    0.9557    0.6165   0.05092   0.00957   0.03836
   238/299     1.57G   0.03218  0.004825  0.001311   0.03832        22       640    0.9263    0.9304    0.9564    0.6145    0.0508  0.009538   0.03831
   239/299     1.57G   0.03214  0.004823  0.001318   0.03828        16       640    0.9442    0.9241    0.9559     0.618   0.05106   0.00941    0.0385
   240/299     1.57G   0.03206   0.00477  0.001349   0.03817        19       640    0.9416    0.9236    0.9559    0.6164   0.05104  0.009431   0.03844
   241/299     1.57G   0.03198  0.004717  0.001363   0.03806        16       640    0.9412     0.928    0.9569    0.6124     0.051  0.009355   0.03858
   242/299     1.57G   0.03197  0.004678 0.0008961   0.03754        10       640    0.9461    0.9147    0.9552    0.6114     0.051  0.009381   0.03848
   243/299     1.57G   0.03175  0.004684  0.001328   0.03777        12       640    0.9438    0.9236    0.9529    0.6177   0.05117  0.009363   0.03839
   244/299     1.57G   0.03211  0.004767 0.0009772   0.03785        35       640    0.9349    0.9346    0.9546    0.6224    0.0511    0.0095   0.03813
   245/299     1.57G   0.03185  0.004812   0.00106   0.03772        18       640     0.919    0.9396    0.9548    0.6194   0.05098  0.009444   0.03831
   246/299     1.57G   0.03178  0.004785  0.001253   0.03781        11       640     0.935    0.9224    0.9545    0.6162    0.0512  0.009373   0.03843
   247/299     1.57G    0.0316   0.00484   0.00128   0.03772        20       640     0.935    0.9263    0.9547    0.6159   0.05124   0.00938   0.03832
   248/299     1.57G   0.03163  0.004677   0.00122   0.03752        12       640    0.9286    0.9241     0.954    0.6125   0.05117  0.009368   0.03828
   249/299     1.57G   0.03172  0.004792  0.001188    0.0377        14       640    0.9377    0.9218    0.9542    0.6153   0.05099  0.009391   0.03824
   250/299     1.57G   0.03138  0.004719  0.001155   0.03726        17       640    0.9431    0.9174    0.9542    0.6192   0.05081  0.009421   0.03816
   251/299     1.57G   0.03134  0.004729  0.001182   0.03725         7       640    0.9396    0.9242    0.9548    0.6168    0.0508  0.009377   0.03832
   252/299     1.57G   0.03187  0.004833   0.00144   0.03815        14       640    0.9353     0.929    0.9544     0.615   0.05066  0.009395    0.0384
   253/299     1.57G   0.03158  0.004689  0.001049   0.03732        23       640    0.9352    0.9353    0.9553     0.606   0.05089   0.00935   0.03857
   254/299     1.57G   0.03192  0.004807   0.00158   0.03831         7       640    0.9465     0.914    0.9564    0.6168   0.05058   0.00953   0.03813
   255/299     1.57G   0.03201  0.004848  0.001409   0.03826        17       640    0.9378    0.9231    0.9557    0.6154   0.05069  0.009451   0.03818
   256/299     1.57G   0.03142  0.004652   0.00117   0.03724        14       640    0.9443    0.9203    0.9562     0.608    0.0508   0.00937   0.03849
   257/299     1.57G    0.0317   0.00487   0.00139   0.03795        13       640     0.934    0.9314    0.9568    0.6118   0.05069  0.009377   0.03856
   258/299     1.57G   0.03136  0.004735 0.0009836   0.03708        11       640    0.9418    0.9233    0.9565    0.6172   0.05073  0.009324   0.03875
   259/299     1.57G   0.03067  0.004682   0.00113   0.03648         9       640    0.9348    0.9311    0.9567    0.6155   0.05061  0.009362   0.03867
   260/299     1.57G   0.03114  0.004737  0.001272   0.03715        15       640    0.9357    0.9311    0.9563    0.6161   0.05072  0.009339   0.03872
   261/299     1.57G   0.03114  0.004874 0.0009196   0.03694        23       640    0.9408     0.926    0.9557    0.6136    0.0508  0.009327   0.03878
   262/299     1.57G   0.03111  0.004823  0.001095   0.03703        26       640    0.9387    0.9288    0.9579    0.6123   0.05092  0.009294   0.03884
   263/299     1.57G    0.0314  0.004715  0.001347   0.03747        13       640    0.9374    0.9363    0.9563    0.6145     0.051  0.009279   0.03882
   264/299     1.57G   0.03082  0.004707  0.001308   0.03683        13       640    0.9361     0.935    0.9566    0.6165   0.05097  0.009273   0.03866
   265/299     1.57G   0.03147  0.004825  0.001238   0.03753         9       640    0.9443    0.9301    0.9566    0.6104   0.05076  0.009277   0.03861
   266/299     1.57G   0.03114  0.004665 0.0009288   0.03673        20       640    0.9415    0.9302    0.9565    0.6171   0.05063  0.009296   0.03856
   267/299     1.57G   0.03127   0.00473 0.0009833   0.03698        17       640    0.9462    0.9252    0.9585    0.6189   0.05042   0.00936   0.03848
   268/299     1.57G   0.03106  0.004634  0.001261   0.03696        16       640    0.9427    0.9265    0.9576    0.6191   0.05039  0.009356   0.03851
   269/299     1.57G   0.03123  0.004919  0.001299   0.03745        19       640    0.9452    0.9236    0.9581    0.6188   0.05039  0.009353   0.03857
   270/299     1.57G   0.03117  0.004828  0.001122   0.03712        13       640    0.9312     0.935    0.9557    0.6142    0.0504  0.009359   0.03852
   271/299     1.57G   0.03072  0.004709  0.001253   0.03668        20       640    0.9373    0.9292    0.9549    0.6131    0.0505  0.009322   0.03849
   272/299     1.57G   0.03108  0.004692  0.001007   0.03678        23       640    0.9345    0.9308    0.9553    0.6145   0.05046  0.009338    0.0384
   273/299     1.57G   0.03183   0.00475  0.001331   0.03791        13       640    0.9326    0.9332    0.9561    0.6153   0.05043  0.009391   0.03831
   274/299     1.57G   0.03114  0.004631   0.00147   0.03724        23       640    0.9349    0.9284     0.955    0.6156   0.05044  0.009379   0.03833
   275/299     1.57G   0.03032  0.004655   0.00117   0.03615        10       640     0.933    0.9405    0.9549    0.6139   0.05069  0.009295    0.0384
   276/299     1.57G   0.03115  0.004572 0.0009973   0.03671        12       640    0.9366    0.9369    0.9555    0.6169   0.05051  0.009318   0.03837
   277/299     1.57G   0.03104  0.004737  0.001045   0.03683        25       640    0.9382    0.9304    0.9552    0.6183   0.05047  0.009321   0.03834
   278/299     1.57G   0.03136  0.004788 0.0009088   0.03706        15       640    0.9323    0.9315    0.9545    0.6206   0.05038   0.00934   0.03831
   279/299     1.57G   0.03077  0.004692  0.000916   0.03637        19       640    0.9347     0.928    0.9554    0.6225   0.05028  0.009375   0.03829
   280/299     1.57G   0.03112   0.00482  0.001257    0.0372        23       640     0.922    0.9372    0.9546    0.6201   0.05029  0.009378   0.03827
   281/299     1.57G   0.03119  0.004678  0.001369   0.03724        20       640    0.9262    0.9354    0.9546    0.6197   0.05032  0.009386   0.03821
   282/299     1.57G   0.03112  0.004701 0.0009314   0.03675        18       640    0.9341    0.9265    0.9547    0.6188   0.05039  0.009371   0.03821
   283/299     1.57G   0.03062  0.004795  0.001047   0.03646        15       640    0.9358    0.9322    0.9552     0.618   0.05039  0.009378   0.03821
   284/299     1.57G   0.03079  0.004718 0.0007183   0.03623        23       640    0.9324    0.9315    0.9553    0.6168   0.05039  0.009403   0.03818
   285/299     1.57G   0.03129  0.004605  0.001322   0.03722        19       640    0.9348    0.9256    0.9548    0.6159   0.05039  0.009392   0.03818
   286/299     1.57G   0.03088  0.004728 0.0007695   0.03638        16       640      0.93    0.9308    0.9547    0.6166   0.05039  0.009391   0.03817
   287/299     1.57G   0.03101  0.004834  0.001109   0.03695        14       640    0.9326    0.9282     0.955    0.6151   0.05038  0.009403   0.03815
   288/299     1.57G   0.03088  0.004647 0.0009999   0.03653        15       640    0.9316    0.9324    0.9556    0.6152   0.05036  0.009396    0.0382
   289/299     1.57G   0.03039  0.004546  0.000952   0.03589        17       640    0.9309    0.9338    0.9557     0.616   0.05035  0.009388   0.03824
   290/299     1.57G   0.03121  0.004842  0.001158   0.03721        17       640    0.9308    0.9335    0.9554     0.616   0.05033  0.009391   0.03824
   291/299     1.57G   0.03108  0.004766  0.001048   0.03689        19       640    0.9331    0.9346    0.9557    0.6173   0.05035  0.009367   0.03828
   292/299     1.57G   0.03107  0.004652  0.001216   0.03694        18       640     0.933    0.9348    0.9552    0.6171   0.05036  0.009362    0.0383
   293/299     1.57G   0.03066  0.004787 0.0009897   0.03643        21       640    0.9363    0.9332    0.9545    0.6147    0.0504  0.009327   0.03836
   294/299     1.57G   0.03105  0.004759  0.001045   0.03685        22       640    0.9422    0.9274    0.9546    0.6133   0.05044  0.009312   0.03841
   295/299     1.57G   0.03077  0.004744  0.001225   0.03674        21       640    0.9363    0.9408    0.9549    0.6134    0.0505  0.009297   0.03846
   296/299     1.57G   0.03022  0.004722  0.001057     0.036         6       640     0.933    0.9362    0.9544     0.614   0.05049  0.009297   0.03847
   297/299     1.57G   0.03075  0.004727 0.0009548   0.03644        13       640    0.9418     0.929    0.9549    0.6144   0.05047  0.009308   0.03846
   298/299     1.57G   0.03117  0.004768 0.0008322   0.03677        13       640    0.9395    0.9286    0.9549    0.6151   0.05045  0.009315   0.03846
   299/299     1.57G   0.03094   0.00476  0.001001    0.0367        12       640    0.9413    0.9298     0.955    0.6141   0.05045  0.009305   0.03849
