     0/199    0.575G   0.08135   0.01267   0.04644    0.1405        24       640    0.1253   0.05912 0.0001901 2.521e-05    0.1013   0.01378   0.04499
     1/199     2.81G   0.07541  0.007669   0.03297     0.116        10       640    0.2507    0.0159 0.0002606 4.349e-05   0.09939   0.01459    0.0452
     2/199      3.4G   0.07055  0.007632   0.02652    0.1047        15       640    0.3976   0.01425  0.008763  0.002019    0.1016   0.01317   0.04865
     3/199      3.4G   0.06735  0.007316   0.02261   0.09727         9       640 1.776e-05   0.02303 1.423e-06 1.565e-07    0.1099   0.01009   0.08583
     4/199      3.4G   0.06647  0.007179    0.0223   0.09595        14       640    0.7045   0.05864   0.05968   0.01597   0.09825   0.01396   0.04854
     5/199      3.4G   0.06599   0.00659    0.0208   0.09337        25       640    0.5091  0.007605  0.001682 0.0003852    0.1128   0.00949   0.09043
     6/199      3.4G   0.06252   0.00668   0.01834   0.08754        19       640    0.5295   0.02729    0.0191  0.003797    0.1058   0.01321     0.079
     7/199      3.4G   0.06071  0.006468   0.01633   0.08351         7       640    0.6628   0.03082  0.008489  0.001651    0.1054   0.01519   0.07408
     8/199      3.4G    0.0604  0.006467   0.01501   0.08187        11       640    0.3828   0.06402  0.005089 0.0007636    0.1046   0.01328   0.08923
     9/199      3.4G   0.05786  0.006392   0.01233   0.07658        16       640    0.7691  0.006098  0.002532 0.0007241    0.1012   0.01322   0.07663
    10/199      3.4G    0.0582  0.006427   0.01086   0.07549        18       640    0.8624    0.1957    0.1747   0.05673   0.09773   0.01295   0.06715
    11/199      3.4G   0.05592  0.006385  0.009724   0.07203        11       640    0.3059    0.1536   0.05642   0.01571    0.0942   0.01448   0.06627
    12/199      3.4G    0.0546  0.006315  0.008142   0.06906        12       640    0.9667    0.2071    0.2792   0.09961   0.08934   0.01206   0.06975
    13/199      3.4G   0.05354  0.006478   0.00838   0.06839        12       640   0.01664    0.1201   0.00613  0.002613   0.09808   0.01698   0.09236
    14/199      3.4G   0.05352  0.006464  0.007532   0.06752        14       640    0.4492    0.2564    0.2799      0.11   0.08917   0.01307   0.06934
    15/199      3.4G   0.05157  0.006391   0.00616   0.06412        28       640    0.7542    0.1004    0.1228   0.03786   0.09309   0.01483   0.06912
    16/199      3.4G   0.05128  0.006361  0.005589   0.06323        19       640    0.1935     0.344    0.2788   0.08631   0.09131    0.0163   0.06532
    17/199      3.4G   0.05028  0.006156  0.004799   0.06123        12       640    0.7153    0.2194    0.2236   0.07149   0.09235   0.01432   0.07047
    18/199      3.4G   0.05037  0.006105  0.004878   0.06135        15       640    0.8267    0.2996    0.3473    0.1091   0.08176    0.0139   0.05589
    19/199      3.4G   0.04935  0.006116  0.004652   0.06011        11       640    0.7578     0.133    0.1429   0.05459   0.09898   0.01524     0.106
    20/199      3.4G   0.04896  0.006161  0.004311   0.05943        16       640    0.4931    0.4657    0.4309    0.1456   0.08618   0.01285   0.06174
    21/199      3.4G   0.04807  0.006135   0.00416   0.05836        15       640         1   0.07012    0.1096   0.05261   0.09964    0.0148   0.08692
    22/199      3.4G   0.04802  0.005946  0.004363   0.05833        14       640     0.445    0.6997    0.6083    0.2565    0.0769   0.01246   0.05737
    23/199      3.4G   0.04822  0.006037  0.003881   0.05814        21       640    0.6431    0.3718    0.3728    0.1424   0.08107   0.01528   0.06117
    24/199      3.4G   0.04706  0.005772  0.004029   0.05686        17       640    0.5881    0.3807    0.3876    0.1399   0.08844   0.01329   0.06592
    25/199      3.4G   0.04771  0.005902  0.005036   0.05865        12       640    0.6209    0.6951    0.6649    0.3088   0.07763   0.01061   0.05417
    26/199      3.4G   0.04584  0.005895  0.003522   0.05526         9       640    0.7236    0.2153    0.2655    0.1098   0.08653   0.01378   0.06531
    27/199      3.4G   0.04622  0.005623  0.002859    0.0547        20       640    0.6423    0.7395    0.7267    0.3426    0.0792   0.01119   0.05697
    28/199      3.4G   0.04634  0.005794    0.0039   0.05604        17       640    0.4384    0.2145    0.2478    0.1053   0.09801    0.0155   0.08818
    29/199      3.4G   0.04595  0.005622  0.003953   0.05552        24       640    0.7938    0.6661     0.735    0.3206   0.07415   0.01115   0.05011
    30/199      3.4G   0.04444  0.005542  0.003551   0.05353         9       640    0.4361    0.5588     0.494     0.217   0.07979   0.01361   0.05798
    31/199      3.4G    0.0451  0.005653  0.004015   0.05476         9       640    0.6234    0.2878    0.4151    0.1366   0.09022   0.01647    0.0644
    32/199      3.4G   0.04403  0.005549  0.003331   0.05291        19       640    0.6392    0.7253    0.7453    0.3071   0.07607   0.01255   0.05031
    33/199      3.4G   0.04377  0.005688  0.002928   0.05238        10       640     0.497    0.2994    0.3431    0.1293   0.08146   0.01502   0.05778
    34/199      3.4G    0.0432   0.00573  0.003282   0.05221        17       640     0.632    0.4462    0.4824    0.2056   0.08023   0.01376   0.06092
    35/199      3.4G   0.04351  0.005913  0.003522   0.05295        10       640    0.7733    0.8166    0.8279    0.4125   0.06745   0.01142    0.0505
    36/199      3.4G   0.04245  0.005722  0.003545   0.05171        17       640    0.7665    0.2765    0.3371    0.1189   0.08715   0.01583   0.05605
    37/199      3.4G   0.04307  0.005707  0.002701   0.05148        14       640     0.661    0.4458    0.4888    0.2345   0.07847   0.01431   0.05778
    38/199      3.4G   0.04204  0.005858  0.002697    0.0506         8       640     0.647    0.3131     0.347    0.1419   0.08523   0.01512   0.05983
    39/199      3.4G   0.04192  0.005791  0.002795    0.0505        11       640    0.8068     0.817    0.8458    0.3775   0.06862   0.01064   0.04976
    40/199      3.4G   0.04271  0.005837  0.003473   0.05202         8       640    0.5492    0.1277    0.1534   0.04672   0.09115   0.01553   0.07091
    41/199      3.4G   0.04224  0.005661  0.002781   0.05068        11       640    0.7915    0.6077    0.7279    0.3226   0.07559   0.01162   0.04787
    42/199      3.4G    0.0421  0.005608  0.002978   0.05069        18       640    0.7834    0.7971    0.8464    0.4469    0.0653   0.01049   0.04697
    43/199      3.4G   0.04123  0.005795  0.002836   0.04986        16       640     0.896    0.4479    0.6706    0.3257   0.06958   0.01142   0.04675
    44/199      3.4G   0.04154  0.005637  0.002807   0.04998        12       640    0.7391    0.7619    0.8213    0.3951   0.07199   0.01199   0.04589
    45/199      3.4G   0.04092  0.005505  0.001895   0.04832        28       640    0.7463    0.8149    0.8488    0.4265   0.06613   0.01074   0.04339
    46/199      3.4G    0.0398  0.005672  0.002114   0.04759        17       640    0.6733    0.4481    0.5918    0.2784   0.07371   0.01299   0.04655
    47/199      3.4G    0.0391   0.00547  0.002092   0.04667        13       640     0.701    0.8026    0.8096    0.4198   0.06455   0.01135   0.04596
    48/199      3.4G   0.03955  0.005595   0.00209   0.04723         5       640    0.6772    0.5221    0.5957    0.2814   0.07014   0.01272   0.04532
    49/199      3.4G   0.04005  0.005616  0.002239   0.04791        11       640    0.5607    0.5678    0.5464    0.2391   0.07607   0.01515   0.05074
    50/199      3.4G   0.03989  0.005596  0.002706   0.04819        14       640    0.6609    0.5978    0.6433    0.3037   0.06918   0.01334   0.04466
    51/199      3.4G   0.03896  0.005775   0.00231   0.04705        22       640    0.8657    0.8336      0.89    0.4933   0.06294   0.01032   0.04228
    52/199      3.4G   0.03975  0.005731  0.002116    0.0476        14       640    0.7226    0.3126    0.4115     0.191   0.07696   0.01535   0.06167
    53/199      3.4G   0.03907  0.005735  0.001945   0.04675        21       640    0.5797    0.4464     0.458     0.171   0.08037   0.01406   0.05439
    54/199      3.4G   0.03833  0.005738  0.002121   0.04619        14       640    0.8347    0.8682    0.9088    0.4993   0.05931   0.01019   0.04301
    55/199      3.4G   0.03845   0.00558    0.0017   0.04573        10       640    0.8027    0.8277    0.8429    0.4314   0.06377   0.01142   0.04505
    56/199      3.4G   0.03779  0.005649  0.001971   0.04541        18       640    0.7569    0.5357    0.6341    0.2701   0.07046   0.01337   0.04746
    57/199      3.4G   0.03812  0.005474  0.001875   0.04547        18       640    0.8173    0.7828    0.8559    0.4103   0.06419   0.01097   0.04535
    58/199      3.4G   0.03786  0.005634  0.001965   0.04546        16       640    0.8749    0.9271    0.9415    0.5449   0.05609   0.01011   0.04194
    59/199      3.4G   0.03813  0.005682   0.00227   0.04609        25       640    0.8627    0.8872    0.9083    0.4672   0.05905   0.01039   0.04289
    60/199      3.4G    0.0371  0.005678  0.001708   0.04448        10       640    0.8861    0.8678     0.903    0.5047    0.0579   0.01078   0.04105
    61/199      3.4G   0.03701  0.005631  0.001732   0.04437        14       640     0.768    0.7503    0.7944    0.3622   0.06229   0.01227   0.04353
    62/199      3.4G   0.03711   0.00552  0.001964    0.0446        13       640    0.8494    0.8891    0.8664    0.4965   0.05755   0.01003   0.04267
    63/199      3.4G   0.03685  0.005477  0.001863   0.04419        20       640    0.8395    0.5084    0.6176    0.2715    0.0665   0.01375   0.04934
    64/199      3.4G   0.03586  0.005589  0.001921   0.04337        13       640    0.5437    0.3497    0.3857    0.1553   0.07214   0.01502   0.05453
    65/199      3.4G   0.03628  0.005548  0.001704   0.04353         8       640    0.9257    0.8444    0.9246    0.5063    0.0554  0.009807   0.04039
    66/199      3.4G   0.03711  0.005562  0.001877   0.04455        25       640    0.8872    0.8941    0.9262     0.543   0.05482   0.01062   0.04138
    67/199      3.4G   0.03685  0.005625  0.001743   0.04421         8       640    0.7345    0.4855    0.6207    0.2923   0.06668   0.01504   0.04795
    68/199      3.4G   0.03708  0.005572  0.002077   0.04473        11       640    0.7769    0.8621     0.883    0.4768   0.05823   0.01022   0.03947
    69/199      3.4G   0.03589  0.005354  0.001658    0.0429        14       640    0.6109    0.6253     0.629    0.2932   0.06425   0.01415   0.04356
    70/199      3.4G   0.03668  0.005476  0.001446    0.0436        19       640    0.5824    0.3669     0.451    0.2093   0.07033   0.01399   0.05407
    71/199      3.4G   0.03631  0.005571   0.00224   0.04412         9       640    0.8584    0.9435    0.9506    0.5458   0.05418   0.01028    0.0381
    72/199      3.4G   0.03555  0.005553  0.001651   0.04276        14       640    0.8907    0.5647    0.7112    0.3167   0.06875   0.01318   0.04783
    73/199      3.4G   0.03532  0.005412  0.002062   0.04279        19       640    0.7162    0.2829    0.3536    0.1625   0.07152   0.01438   0.05316
    74/199      3.4G   0.03621  0.005522  0.001514   0.04325         9       640    0.8595    0.8198    0.8836     0.463   0.05788   0.01042   0.03956
    75/199      3.4G    0.0349  0.005416  0.001567   0.04188        22       640    0.8256    0.7758    0.8599    0.4484   0.05933   0.01194   0.03969
    76/199      3.4G   0.03523  0.005464   0.00156   0.04226        21       640    0.8148    0.8266    0.8834    0.4703   0.05858   0.01076   0.03893
    77/199      3.4G   0.03537  0.005498  0.001941   0.04281        13       640    0.9064    0.9072    0.9382    0.5435   0.05313  0.009845   0.03413
    78/199      3.4G   0.03533  0.005484  0.001684    0.0425        15       640     0.851    0.8182    0.9222    0.4957   0.05324   0.01022   0.03467
    79/199      3.4G   0.03422  0.005394  0.001564   0.04118        24       640    0.8695    0.8946    0.9153     0.494   0.05688   0.01061    0.0385
    80/199      3.4G   0.03416  0.005491  0.001575   0.04123        30       640     0.845    0.8721    0.9096    0.4832   0.05623   0.01116   0.03714
    81/199      3.4G    0.0346   0.00543  0.001652   0.04168        13       640    0.8535    0.8336    0.8869    0.4781   0.05715   0.01052   0.03616
    82/199      3.4G   0.03553  0.005335  0.001728    0.0426        17       640    0.9051    0.9356    0.9451       0.6   0.05107  0.009772   0.03572
    83/199      3.4G   0.03408  0.005284  0.001715   0.04108        14       640    0.8436    0.8892    0.9198    0.5343   0.05551   0.01143   0.03891
    84/199      3.4G   0.03459  0.005331  0.001408   0.04133         8       640    0.8487    0.2807    0.4679    0.2046   0.07513   0.01496   0.05106
    85/199      3.4G   0.03461  0.005218  0.001771    0.0416        18       640    0.8965    0.9509    0.9566     0.564   0.05157  0.009642   0.03574
    86/199      3.4G   0.03477  0.005454  0.001525   0.04175        20       640    0.7794       0.5    0.6109    0.2886   0.06867   0.01358   0.04534
    87/199      3.4G   0.03395  0.005161  0.001699   0.04081        20       640    0.9371    0.8605    0.9358     0.538   0.05238   0.01059   0.03527
    88/199      3.4G   0.03383  0.005251  0.001565   0.04065        11       640    0.8564    0.8909    0.9159    0.4952    0.0565   0.01097   0.03777
    89/199      3.4G   0.03365  0.005403  0.001642    0.0407        19       640    0.9036    0.9243    0.9495     0.539   0.05256   0.01062   0.03364
    90/199      3.4G   0.03333  0.005348  0.001678   0.04035        18       640    0.9025     0.924    0.9636    0.5705   0.05053  0.009635    0.0348
    91/199      3.4G   0.03345  0.005328  0.001725    0.0405        20       640    0.9159    0.9274    0.9547    0.5567   0.05203   0.01015   0.03566
    92/199      3.4G   0.03359  0.005243  0.001457   0.04029         9       640    0.8683    0.6026    0.6785    0.3166   0.06458   0.01344   0.03627
    93/199      3.4G   0.03325  0.005207   0.00119   0.03965        15       640    0.7777    0.7809    0.8527    0.4651   0.05838   0.01204   0.04034
    94/199      3.4G   0.03309  0.005239  0.001803   0.04014        13       640    0.6038    0.4479    0.5221    0.2628   0.06788   0.01446   0.04601
    95/199      3.4G   0.03338  0.005131  0.001909   0.04042        20       640    0.8637    0.9459    0.9552     0.566   0.04951  0.009549    0.0351
    96/199      3.4G   0.03294  0.005229  0.001291   0.03946        24       640    0.8424    0.8468     0.895    0.5022   0.05541   0.01112   0.04051
    97/199      3.4G   0.03332  0.005147  0.001456   0.03993        13       640    0.8948    0.8608    0.9416    0.5523   0.05319   0.01023   0.03586
    98/199      3.4G     0.033  0.005142  0.001579   0.03972        16       640    0.7509    0.6766    0.6933     0.372   0.06023    0.0126   0.03901
    99/199      3.4G   0.03321  0.005197  0.001533   0.03994        10       640    0.9228    0.9566    0.9572    0.5806   0.04802  0.009555   0.03321
   100/199      3.4G   0.03259  0.005225  0.001596   0.03941        28       640    0.6689    0.6495      0.72    0.3563     0.066   0.01306   0.04353
   101/199      3.4G   0.03284  0.005275  0.001588    0.0397        13       640    0.8689    0.8766    0.9434    0.5193   0.05288   0.01041   0.03443
   102/199      3.4G   0.03292  0.005206   0.00105   0.03917        13       640    0.8911    0.8306    0.9336    0.5529   0.05469   0.01075   0.03672
   103/199      3.4G   0.03222  0.005229  0.001211   0.03866        13       640    0.9463    0.9466    0.9633    0.6168   0.04798  0.009166     0.033
   104/199      3.4G    0.0328  0.005109  0.001183    0.0391        23       640    0.9244     0.947    0.9466    0.5923   0.04883  0.009588    0.0335
   105/199      3.4G   0.03205  0.005048  0.001184   0.03828        19       640    0.8883    0.9498    0.9579    0.5862   0.05173   0.01026   0.03475
   106/199      3.4G   0.03208  0.005075  0.001176   0.03833        21       640    0.9071    0.8976    0.9343    0.5674   0.05087   0.01098   0.03619
   107/199      3.4G    0.0318  0.005221  0.001141   0.03816        13       640    0.9334    0.8953    0.9534    0.5621   0.05052   0.01014   0.03638
   108/199      3.4G   0.03153  0.005054  0.001303   0.03789        22       640    0.9292    0.9408    0.9606    0.6024    0.0473  0.009248   0.03386
   109/199      3.4G   0.03178  0.004921  0.001153   0.03786        12       640    0.9162    0.9515    0.9615    0.5942   0.04737  0.009433   0.03355
   110/199      3.4G   0.03163  0.004884   0.00154   0.03805        17       640    0.9303    0.9457    0.9585    0.6057   0.04731  0.009731   0.03472
   111/199      3.4G   0.03146  0.005045  0.001147   0.03765        15       640    0.9333    0.8503    0.9345    0.5699   0.05026   0.01003   0.03439
   112/199      3.4G   0.03069  0.004937 0.0009727    0.0366        10       640    0.7999    0.7637    0.8306    0.4813   0.05649   0.01182   0.03821
   113/199      3.4G   0.03118  0.005119  0.001189   0.03749        18       640    0.9236    0.9018    0.9556    0.5753    0.0502   0.01016   0.03451
   114/199      3.4G    0.0309  0.005028  0.001111   0.03704        20       640    0.8918    0.8192    0.9283    0.5435   0.05141   0.01109   0.03506
   115/199      3.4G   0.03188  0.005033   0.00157   0.03848         8       640    0.9453     0.957    0.9613    0.6187   0.04805    0.0095   0.03471
   116/199      3.4G   0.03138  0.004979  0.001209   0.03757        20       640    0.9319     0.957    0.9631    0.6126   0.04731  0.009146   0.03486
   117/199      3.4G   0.03095  0.005107  0.001388   0.03744        23       640    0.8916    0.8832    0.9202    0.5351   0.05245   0.01063   0.03474
   118/199      3.4G    0.0314  0.004993  0.001396   0.03779        11       640    0.9588    0.9481    0.9622    0.6227   0.04663  0.009242   0.03315
   119/199      3.4G   0.03129  0.004954 0.0007772   0.03702        23       640    0.9324    0.9638    0.9653    0.6166   0.04743  0.009279   0.03301
   120/199      3.4G   0.03114  0.005058  0.001366   0.03756        12       640    0.9504    0.9572    0.9636    0.6241   0.04696  0.009336   0.03287
   121/199      3.4G   0.03085  0.005085  0.001431   0.03737        20       640    0.9266    0.9717    0.9634    0.6113   0.04725  0.009403   0.03353
   122/199      3.4G   0.03078  0.005025  0.001176   0.03698         5       640    0.9108     0.915    0.9503    0.5713   0.05013   0.01014   0.03391
   123/199      3.4G   0.03011  0.005016  0.001107   0.03624        19       640    0.9513     0.945    0.9683    0.6418   0.04622  0.009265   0.03272
   124/199      3.4G   0.03055  0.004886  0.001017   0.03646        31       640    0.9643    0.9515    0.9684    0.6294   0.04639  0.009295   0.03348
   125/199      3.4G   0.03016  0.005012  0.001072   0.03625        21       640     0.913    0.9553    0.9618    0.6015   0.04857   0.01015   0.03464
   126/199      3.4G   0.03035   0.00496  0.001013   0.03632        11       640    0.9415    0.9317    0.9653    0.6163   0.04653  0.009349   0.03347
   127/199      3.4G   0.03071  0.005034  0.001085   0.03683        10       640    0.9504    0.9423    0.9656    0.6356   0.04583  0.009112   0.03388
   128/199      3.4G   0.02982  0.005115 0.0009988   0.03594         9       640    0.9405    0.9507     0.964    0.6342   0.04611  0.009165   0.03381
   129/199      3.4G   0.03016  0.004996  0.001376   0.03653        18       640     0.943     0.955    0.9631    0.6169   0.04649  0.009439   0.03318
   130/199      3.4G   0.03018   0.00481  0.001297   0.03629        13       640     0.949    0.9517    0.9622    0.6258   0.04722  0.009364    0.0337
   131/199      3.4G   0.02961  0.004887  0.001066   0.03556        14       640    0.9318    0.9458    0.9623    0.6321   0.04653  0.009467   0.03289
   132/199      3.4G   0.02966  0.004887  0.001043   0.03559        27       640     0.946    0.9547    0.9672    0.6386   0.04528   0.00924   0.03238
   133/199      3.4G   0.02974  0.005041  0.001265   0.03605        12       640    0.9406      0.94    0.9591    0.6063   0.04832  0.009786   0.03407
   134/199      3.4G   0.02928  0.004796 0.0009376   0.03501        18       640    0.9438    0.9599    0.9649    0.6314   0.04487  0.009209   0.03238
   135/199      3.4G   0.02948  0.004891  0.001007   0.03538        12       640    0.9476    0.9586    0.9739    0.6186   0.04602   0.00948   0.03259
   136/199      3.4G   0.02914  0.004876  0.001142   0.03516        15       640    0.9419     0.938    0.9631     0.601   0.04747  0.009724   0.03303
   137/199      3.4G   0.02931   0.00485 0.0009339   0.03509        15       640    0.9274    0.9625    0.9663    0.6386   0.04485  0.009074   0.03352
   138/199      3.4G   0.02894  0.004997  0.001093   0.03503         8       640      0.94    0.9584     0.965    0.6287   0.04521  0.009324   0.03273
   139/199      3.4G   0.02877  0.004908  0.001038   0.03472        28       640    0.9249    0.9651    0.9666    0.6304   0.04615  0.009498   0.03331
   140/199      3.4G   0.02878  0.005007  0.001243   0.03503         7       640     0.911    0.8684    0.9438     0.578   0.04847   0.01003   0.03339
   141/199      3.4G   0.02941  0.004844 0.0009205   0.03517        16       640     0.903    0.8908    0.9482    0.5926   0.04875   0.01027   0.03395
   142/199      3.4G   0.02867  0.004807 0.0009885   0.03447        16       640    0.9516    0.9583    0.9674    0.6344   0.04424  0.009226   0.03281
   143/199      3.4G   0.02994  0.004763 0.0008738   0.03558        12       640    0.9277    0.9662    0.9602     0.625   0.04517  0.009413   0.03374
   144/199      3.4G   0.02885  0.004797  0.001003   0.03465        13       640    0.9405    0.9688    0.9699    0.6261   0.04465  0.009299   0.03268
   145/199      3.4G   0.02874  0.004933  0.001091   0.03476        10       640    0.9255    0.9465    0.9529    0.6008   0.04598  0.009614   0.03275
   146/199      3.4G   0.02871  0.004877   0.00103   0.03462         3       640    0.9366     0.969    0.9664    0.6449   0.04461  0.009213   0.03304
   147/199      3.4G   0.02861  0.004901 0.0009852    0.0345        13       640    0.9399    0.9602    0.9729    0.6392   0.04584  0.009348   0.03206
   148/199      3.4G   0.02807  0.004877 0.0009234   0.03387        19       640    0.9586    0.9609    0.9728    0.6463   0.04452   0.00917   0.03208
   149/199      3.4G   0.02862  0.004829 0.0007962   0.03425         6       640    0.9421    0.9645    0.9729    0.6265   0.04568  0.009342   0.03232
   150/199      3.4G   0.02814  0.004836 0.0008845   0.03386        18       640    0.9424    0.9747    0.9745    0.6308   0.04475  0.009089   0.03241
   151/199      3.4G   0.02833   0.00474 0.0008847   0.03396        17       640    0.9492    0.9563    0.9657    0.6502   0.04506  0.009016   0.03211
   152/199      3.4G   0.02855  0.004967 0.0009042   0.03442        18       640    0.9414    0.9681    0.9683    0.6502   0.04459  0.009065   0.03227
   153/199      3.4G   0.02851  0.004925 0.0008844   0.03432        11       640    0.9598    0.9548     0.974    0.6575   0.04433   0.00921   0.03218
   154/199      3.4G   0.02797  0.004686 0.0007069   0.03336        19       640    0.9573    0.9686    0.9767    0.6603   0.04389   0.00916    0.0325
   155/199      3.4G   0.02815   0.00489  0.001019   0.03406        14       640    0.9351    0.9616    0.9668    0.6456   0.04473  0.009229   0.03245
   156/199      3.4G   0.02779  0.004769  0.000867   0.03342        20       640    0.9514    0.9657    0.9736    0.6424   0.04497  0.009458   0.03313
   157/199      3.4G   0.02795  0.004751 0.0008154   0.03351        16       640    0.9546    0.9571    0.9761    0.6455   0.04411  0.009225   0.03306
   158/199      3.4G   0.02737    0.0048  0.000863   0.03303        19       640    0.9476    0.9708    0.9749    0.6495   0.04382  0.009068   0.03349
   159/199      3.4G   0.02794  0.004835 0.0009086   0.03368        21       640    0.9544    0.9669    0.9778    0.6582    0.0441  0.009102   0.03325
   160/199      3.4G   0.02745   0.00476 0.0007986     0.033        12       640    0.9528    0.9674    0.9767    0.6539   0.04334  0.009115   0.03287
   161/199      3.4G   0.02839  0.004765 0.0009261   0.03408        13       640    0.9563    0.9598    0.9764    0.6511   0.04409  0.009238   0.03235
   162/199      3.4G   0.02795  0.004894 0.0009091   0.03375        13       640    0.9524    0.9593    0.9762    0.6539   0.04338  0.009013   0.03293
   163/199      3.4G    0.0278  0.004872 0.0005769   0.03325        24       640    0.9514    0.9692    0.9744    0.6531   0.04315  0.009252   0.03345
   164/199      3.4G    0.0276  0.004881 0.0007706   0.03325        11       640    0.9512    0.9668    0.9743    0.6439   0.04301  0.009188   0.03306
   165/199      3.4G   0.02752  0.004785 0.0008319   0.03314        14       640    0.9524    0.9683    0.9758    0.6471   0.04292  0.009079   0.03309
   166/199      3.4G   0.02834  0.004826  0.001352   0.03452        16       640    0.9472    0.9727    0.9772    0.6519   0.04295  0.009091   0.03314
   167/199      3.4G   0.02705  0.004694 0.0006598    0.0324        16       640    0.9474    0.9655    0.9771     0.648   0.04352  0.009113   0.03255
   168/199      3.4G   0.02751  0.004691 0.0008634   0.03307        14       640     0.951    0.9684    0.9762    0.6526   0.04327    0.0091   0.03281
   169/199      3.4G   0.02731  0.004552 0.0007337    0.0326         8       640    0.9508    0.9702    0.9768    0.6561   0.04305  0.009127   0.03296
   170/199      3.4G   0.02676  0.004764    0.0007   0.03223        29       640    0.9486    0.9715    0.9735    0.6492   0.04333  0.009244   0.03342
   171/199      3.4G   0.02724  0.004764  0.000796    0.0328        12       640    0.9601    0.9629    0.9785    0.6463   0.04332   0.00907   0.03286
   172/199      3.4G   0.02676  0.004763 0.0007317   0.03225        44       640    0.9609    0.9581    0.9783    0.6493   0.04337  0.009078     0.033
   173/199      3.4G   0.02726  0.004751 0.0009121   0.03293        23       640    0.9473    0.9732    0.9767    0.6516   0.04313  0.009087   0.03311
   174/199      3.4G   0.02726  0.004719 0.0006498   0.03263        16       640    0.9558    0.9594    0.9756    0.6476   0.04345  0.009131    0.0328
   175/199      3.4G   0.02722  0.004881 0.0008235   0.03292         6       640    0.9582    0.9601    0.9772    0.6414   0.04317  0.009134   0.03275
   176/199      3.4G    0.0274  0.004781 0.0008265   0.03301        14       640    0.9591    0.9564    0.9751    0.6397   0.04333  0.009128   0.03255
   177/199      3.4G   0.02735  0.004706  0.001335   0.03339        15       640    0.9473    0.9692    0.9749    0.6464   0.04253  0.009175   0.03299
   178/199      3.4G   0.02671  0.004643 0.0008432    0.0322         8       640    0.9557    0.9552    0.9757    0.6481    0.0429  0.009126   0.03252
   179/199      3.4G   0.02719  0.004822  0.000834   0.03284        13       640     0.953     0.966    0.9755    0.6444   0.04278  0.009144   0.03287
   180/199      3.4G   0.02747  0.004857  0.001133   0.03346        12       640      0.95    0.9711    0.9755    0.6402   0.04304  0.009034   0.03261
   181/199      3.4G   0.02676  0.004877 0.0006529   0.03229        13       640    0.9521    0.9696    0.9752    0.6476   0.04285  0.009082   0.03277
   182/199      3.4G   0.02722  0.004704 0.0009309   0.03285        16       640    0.9479    0.9687    0.9757    0.6448     0.043  0.009077   0.03266
   183/199      3.4G   0.02726  0.004809 0.0008236   0.03289        23       640    0.9509    0.9667    0.9761    0.6441   0.04289  0.009064   0.03276
   184/199      3.4G   0.02686   0.00484 0.0008683   0.03257        14       640    0.9479    0.9691    0.9759    0.6445   0.04265  0.009054   0.03277
   185/199      3.4G    0.0269  0.004667 0.0007813   0.03235        23       640    0.9496    0.9662    0.9761    0.6506   0.04267    0.0091   0.03271
   186/199      3.4G   0.02668  0.004781 0.0009949   0.03246        21       640    0.9492    0.9672    0.9761    0.6478   0.04271  0.009096   0.03271
   187/199      3.4G   0.02629  0.004546 0.0007724   0.03161         8       640    0.9602    0.9564    0.9762    0.6447   0.04282  0.009095    0.0326
   188/199      3.4G   0.02657   0.00482  0.001008    0.0324        13       640    0.9633    0.9541    0.9765    0.6435    0.0429  0.009074   0.03266
   189/199      3.4G   0.02671  0.004717 0.0007249   0.03215        26       640    0.9489    0.9684    0.9755    0.6498   0.04247  0.009121   0.03286
   190/199      3.4G   0.02671  0.004688 0.0009269   0.03232        12       640    0.9492    0.9687    0.9749     0.646   0.04252  0.009088   0.03267
   191/199      3.4G   0.02699  0.004809  0.001022   0.03282        11       640    0.9463    0.9664    0.9734     0.658    0.0426  0.009148   0.03296
   192/199      3.4G   0.02659  0.004795 0.0006481   0.03203        16       640    0.9515    0.9658    0.9762    0.6533   0.04265  0.009052   0.03262
   193/199      3.4G   0.02678   0.00475  0.001055   0.03258        23       640    0.9502    0.9674    0.9765    0.6553   0.04273   0.00903   0.03252
   194/199      3.4G   0.02694  0.004612 0.0009162   0.03247        13       640    0.9499     0.969    0.9762    0.6548    0.0425   0.00903   0.03269
   195/199      3.4G   0.02726  0.004883 0.0006226   0.03277         9       640    0.9509      0.97    0.9764     0.655   0.04256  0.009038   0.03277
   196/199      3.4G   0.02648  0.004642  0.000748   0.03187        10       640    0.9515     0.969    0.9771    0.6541   0.04263  0.009044    0.0327
   197/199      3.4G   0.02632  0.004785  0.001093    0.0322        13       640    0.9508     0.969    0.9767    0.6545   0.04256  0.009054   0.03271
   198/199      3.4G   0.02648  0.004733 0.0007769   0.03199        14       640     0.949    0.9703    0.9765    0.6538   0.04264  0.009022   0.03263
   199/199      3.4G   0.02698  0.004804 0.0008409   0.03263        17       640    0.9509    0.9689    0.9765    0.6505   0.04252  0.009046    0.0327
