     0/199    0.587G   0.09554  0.009816   0.04155    0.1469        11       640 0.0005602   0.00601 8.215e-05 2.216e-05    0.1177  0.008069   0.04972
     1/199     3.01G   0.07746  0.005439   0.02555    0.1084        24       640    0.2994   0.05911   0.04034  0.008384     0.106    0.0108   0.05084
     2/199     3.61G   0.07221  0.004851   0.02176   0.09882        19       640    0.5498      0.12    0.0575   0.01475    0.1065   0.01058   0.05295
     3/199     3.61G   0.06445  0.005389   0.02025   0.09008        22       640    0.9092    0.2349    0.2467   0.07728   0.09944   0.01052   0.05201
     4/199     3.61G   0.06065  0.005599   0.02078   0.08703        22       640    0.7459    0.2476    0.2412   0.07467   0.09566   0.01093   0.05324
     5/199     3.61G   0.06067  0.005357   0.02048   0.08651        17       640    0.7339    0.2288    0.1929   0.06089   0.09996    0.0116    0.0709
     6/199     3.61G   0.05909  0.004913   0.01826   0.08227         6       640    0.8226    0.1823    0.2153   0.08148    0.1001   0.01147   0.06583
     7/199     3.61G    0.0623  0.005044   0.01796    0.0853        30       640    0.8704    0.1071   0.06364   0.02741    0.1099   0.01057    0.1135
     8/199     3.61G   0.05741  0.005224   0.01416   0.07679        26       640    0.7225     0.293    0.3109    0.1055   0.09872  0.009825   0.06914
     9/199     3.61G   0.05753  0.005476   0.01212   0.07513        26       640    0.5056    0.3466    0.3555    0.1446   0.09954   0.01021   0.08238
    10/199     3.61G   0.05624  0.005371   0.01167   0.07328        10       640    0.7365    0.4063    0.4659    0.2034    0.0923   0.01001   0.05895
    11/199     3.61G   0.05443  0.005302  0.009821   0.06956        12       640    0.7217    0.3083    0.3419    0.1648   0.09203   0.01032   0.06587
    12/199     3.61G    0.0523  0.005457  0.007818   0.06558        15       640    0.9128    0.3129    0.3752    0.1855   0.08931   0.01176   0.05866
    13/199     3.61G   0.05104  0.005439  0.007431   0.06391        12       640    0.8848    0.5843    0.6061    0.2934   0.08426  0.009634   0.05784
    14/199     3.61G   0.04968  0.005333  0.007162   0.06218        11       640    0.5122    0.3808    0.3843    0.1888    0.0908   0.01146   0.06851
    15/199     3.61G   0.04829  0.005728  0.006232   0.06025        15       640    0.6716    0.4932    0.5991    0.3004    0.0878    0.0101   0.06394
    16/199     3.61G   0.04857  0.005517  0.005823   0.05991        10       640    0.6616    0.6908    0.7057    0.3406   0.08414  0.009983    0.0559
    17/199     3.61G   0.04801   0.00555  0.005464   0.05902         8       640     0.718    0.6716    0.7172    0.3603   0.08229  0.009831   0.06052
    18/199     3.61G   0.04701  0.005632  0.006217   0.05886        23       640    0.7302    0.6606    0.6709    0.3108   0.08194  0.009757   0.06265
    19/199     3.61G   0.04637  0.005438  0.005021   0.05683        22       640    0.7263    0.5981    0.6163    0.2866   0.08355   0.01028   0.07275
    20/199     3.61G   0.04451  0.005651   0.00499   0.05515        12       640    0.6204    0.7452    0.6937     0.329   0.08081   0.01001    0.0568
    21/199     3.61G   0.04498  0.005596   0.00474   0.05531        12       640    0.7174    0.5878     0.616    0.3157   0.08207   0.01093   0.06572
    22/199     3.61G   0.04495  0.005541  0.005003   0.05549         7       640    0.6069     0.584    0.5454    0.2708   0.08291   0.01098   0.05532
    23/199     3.61G   0.04517  0.005382  0.004642   0.05519        15       640    0.7852    0.7938    0.7926    0.4111   0.07261   0.01031   0.04801
    24/199     3.61G    0.0429  0.005668  0.003926    0.0525        12       640    0.7461    0.4791    0.6136    0.3062   0.07417    0.0103   0.04549
    25/199     3.61G   0.04345  0.005533   0.00342    0.0524         8       640    0.8815    0.7828      0.86    0.4487   0.06881  0.009958    0.0402
    26/199     3.61G    0.0414  0.005531  0.003247   0.05017        14       640    0.8433    0.7678    0.8421    0.4185   0.06919   0.01014   0.04133
    27/199     3.61G   0.04112  0.005333   0.00307   0.04953        18       640    0.7882    0.7257    0.8083    0.4355    0.0738   0.01092   0.04746
    28/199     3.61G   0.04053  0.005404  0.002577   0.04851        15       640    0.7435    0.6603    0.6753     0.357   0.07402    0.0106   0.04406
    29/199     3.61G   0.03937  0.005468  0.002783   0.04762        13       640    0.8597    0.8135       0.9    0.4665   0.06455   0.00961   0.04114
    30/199     3.61G    0.0396  0.005414  0.003042   0.04805        12       640    0.6858    0.6548    0.7037    0.3626   0.07214   0.01144    0.0509
    31/199     3.61G    0.0386  0.005309  0.002706   0.04661        13       640    0.8228    0.7981     0.861    0.4504   0.06681  0.009153   0.04161
    32/199     3.61G   0.03893  0.005327  0.002268   0.04653        26       640    0.6312    0.5117    0.5828    0.2904   0.08039   0.01267   0.07096
    33/199     3.61G   0.03735  0.005207  0.002139   0.04469        25       640    0.8457    0.8289    0.8905    0.5004   0.06359  0.009301   0.03963
    34/199     3.61G   0.03881  0.005202  0.002343   0.04636        11       640    0.7391    0.7733    0.8517    0.4817   0.06665   0.01045   0.04774
    35/199     3.61G    0.0384  0.005212   0.00217   0.04578        11       640    0.8776    0.8351    0.8838      0.48    0.0654  0.009183   0.04386
    36/199     3.61G   0.03772  0.005118  0.002137   0.04498        12       640    0.8253     0.806    0.8858    0.4812   0.06247   0.01001   0.04276
    37/199     3.61G   0.03711   0.00516  0.002489   0.04476        27       640    0.7906    0.5685    0.6334    0.2975   0.07527   0.01343   0.06387
    38/199     3.61G   0.03598  0.005255  0.001717   0.04295        20       640    0.8786    0.7211    0.8196    0.4454    0.0649   0.01019   0.04243
    39/199     3.61G   0.03701  0.005252  0.002858   0.04512        16       640    0.4654     0.717    0.6414    0.3284   0.07114   0.01182   0.05256
    40/199     3.61G   0.03718  0.005214  0.002251   0.04465        10       640    0.8135    0.8578    0.8944    0.4944   0.06096  0.009132   0.03939
    41/199     3.61G   0.03429  0.005029   0.00177   0.04109        16       640    0.8375    0.8343    0.8592     0.444   0.06377  0.009932   0.04225
    42/199     3.61G   0.03518  0.005078  0.001254   0.04151         7       640    0.8327    0.8913      0.91    0.5303   0.05561  0.009868   0.03706
    43/199     3.61G   0.03505  0.005139  0.001535   0.04172        15       640    0.9377    0.8709    0.9343    0.5276   0.05876  0.009763   0.04032
    44/199     3.61G   0.03468  0.004953  0.001895   0.04153        22       640    0.8238    0.9145    0.9232    0.5406   0.06012  0.009182   0.04356
    45/199     3.61G   0.03451  0.005037  0.001945   0.04149         7       640    0.8254    0.8869    0.9154    0.5441   0.06042  0.009706   0.04408
    46/199     3.61G   0.03544  0.005031  0.001506   0.04198        13       640    0.7325    0.7289    0.7889     0.413   0.06395   0.01119   0.04579
    47/199     3.61G   0.03434   0.00485  0.001423   0.04061        28       640    0.8838    0.8884    0.9404    0.4929   0.05983    0.0102   0.04577
    48/199     3.61G   0.03482  0.005066  0.001535   0.04142        14       640    0.8897    0.9235    0.9406    0.5408   0.05725  0.009412   0.04316
    49/199     3.61G   0.03449  0.004972  0.001977   0.04144         9       640    0.9017    0.8463    0.9385    0.5294   0.05989   0.01018   0.04811
    50/199     3.61G   0.03379  0.005103  0.002153   0.04105        19       640     0.876    0.9148    0.9397    0.5365   0.05999  0.009564   0.04006
    51/199     3.61G   0.03334  0.004907  0.001943   0.04019        14       640    0.9496    0.8526    0.9124    0.5338   0.05741  0.009923   0.04513
    52/199     3.61G   0.03275  0.004957  0.001536   0.03924        15       640    0.7143    0.7231    0.7469    0.3893   0.06942   0.01244   0.05013
    53/199     3.61G   0.03171  0.004841  0.001503   0.03805        10       640    0.9073    0.9237    0.9526    0.5686   0.05681  0.009643   0.03842
    54/199     3.61G   0.03301  0.005014  0.001621   0.03964        16       640    0.8201    0.8958    0.8877    0.5012   0.06121   0.01041   0.04132
    55/199     3.61G   0.03279  0.004944  0.001533   0.03927        21       640    0.8682    0.8656    0.9097    0.5128   0.05804   0.01037   0.04076
    56/199     3.61G   0.03295  0.004974  0.002229   0.04015        12       640    0.9067    0.9125    0.9466    0.5475   0.05576  0.009231   0.03913
    57/199     3.61G   0.03323  0.004908  0.001639   0.03978        16       640     0.928    0.8739    0.9341    0.5449   0.05834   0.01006   0.04054
    58/199     3.61G   0.03158  0.004923  0.001479   0.03798        11       640    0.9231    0.9462     0.968    0.6032   0.05427  0.009549   0.04052
    59/199     3.61G   0.03231  0.004754  0.001553   0.03862         5       640    0.9258    0.9186    0.9663    0.5801   0.05055  0.009887   0.03984
    60/199     3.61G   0.03209  0.004719  0.001857   0.03866        24       640    0.5387    0.2848    0.3588    0.1768   0.07765   0.01433   0.06728
    61/199     3.61G   0.03203  0.004923  0.001781   0.03873        22       640    0.9333    0.8986    0.9459    0.5878   0.05641  0.009453   0.04181
    62/199     3.61G   0.03237  0.004768  0.001424   0.03856        12       640    0.9159    0.9226    0.9479    0.5634   0.05649  0.009734   0.04067
    63/199     3.61G   0.03192  0.004811  0.001073   0.03781        26       640     0.937    0.9403    0.9698    0.6252   0.05391  0.009264   0.03846
    64/199     3.61G   0.03157  0.004691  0.001799   0.03806        11       640    0.8973    0.9296    0.9421    0.5846    0.0555  0.009638    0.0398
    65/199     3.61G   0.03231  0.004778   0.00176   0.03885        20       640    0.6394    0.3255      0.38    0.1926   0.07739   0.01567   0.06491
    66/199     3.61G    0.0314  0.004875  0.001094   0.03737        24       640    0.8683    0.9516    0.9571    0.5749   0.05659  0.009665   0.04427
    67/199     3.61G   0.03185  0.004736  0.001345   0.03793        24       640    0.8685    0.8622     0.933    0.5363   0.05688   0.01047   0.04051
    68/199     3.61G   0.03124  0.004615  0.001311   0.03716        13       640    0.9152    0.7685    0.8907     0.486   0.06136   0.01011   0.04669
    69/199     3.61G   0.03185  0.004674  0.001807   0.03833         9       640     0.927      0.92     0.962    0.5733   0.05301      0.01   0.03823
    70/199     3.61G   0.03202  0.005025  0.001496   0.03854        19       640     0.905    0.9006    0.9465    0.5615   0.05594   0.01001   0.04269
    71/199     3.61G   0.03183  0.004878  0.001362   0.03807        15       640    0.9256    0.9201    0.9481    0.5505   0.05354   0.01008   0.04021
    72/199     3.61G   0.03187  0.004704  0.001569   0.03814         7       640     0.928    0.9227    0.9567     0.575   0.05364   0.01003   0.03845
    73/199     3.61G   0.03162  0.004967  0.001637   0.03822        27       640    0.8522    0.8262     0.902    0.5167   0.05862   0.01097   0.04621
    74/199     3.61G   0.03064  0.004805  0.001337   0.03678        17       640    0.9405    0.9407    0.9702    0.6037    0.0517  0.009612   0.04255
    75/199     3.61G   0.03052  0.004744  0.001362   0.03663        17       640    0.9372    0.9406    0.9668    0.6195   0.04865  0.009678   0.03863
    76/199     3.61G   0.03059  0.004777  0.001594   0.03696        16       640    0.8712    0.9114    0.9361     0.534   0.05631   0.01116   0.03889
    77/199     3.61G   0.02984  0.004733  0.001328    0.0359        19       640    0.9269    0.9513    0.9666    0.6034   0.04827   0.01001   0.03788
    78/199     3.61G   0.03006   0.00461   0.00148   0.03615        17       640    0.9288    0.9345    0.9612    0.6046   0.05143  0.009719   0.03937
    79/199     3.61G   0.03027  0.004754  0.001481    0.0365        16       640    0.9394     0.949    0.9631    0.6313   0.05032  0.009858   0.03927
    80/199     3.61G   0.02985   0.00474  0.001405     0.036        13       640    0.9347    0.9394    0.9602    0.6098   0.04951    0.0105    0.0373
    81/199     3.61G   0.02974  0.004729  0.001378   0.03585        23       640    0.9293    0.8767    0.9333    0.5521   0.05516   0.01202   0.04104
    82/199     3.61G   0.02975  0.004755 0.0007357   0.03524        25       640    0.8842    0.7847    0.8591    0.4707   0.06378   0.01253   0.04605
    83/199     3.61G   0.03022   0.00485 0.0009536   0.03602        14       640    0.9551    0.9439    0.9751    0.6018   0.04834   0.01024   0.03868
    84/199     3.61G   0.02963  0.004796  0.001834   0.03626        12       640    0.5697    0.6699    0.6716     0.355   0.06915   0.01562   0.05533
    85/199     3.61G   0.03051  0.004921 0.0007944   0.03622        16       640     0.926     0.893    0.9424    0.5888   0.05496   0.01071   0.04372
    86/199     3.61G   0.02923  0.004759  0.001153   0.03514        10       640    0.9188    0.8696    0.9472    0.5584   0.05593   0.01052    0.0421
    87/199     3.61G   0.02924  0.004871  0.001398   0.03551         9       640    0.9346    0.9295    0.9605    0.6088   0.05223   0.01032   0.04155
    88/199     3.61G   0.02925  0.004857  0.001345   0.03545        12       640    0.9452    0.9297    0.9667    0.6054   0.04866   0.01026   0.03807
    89/199     3.61G   0.02869  0.004871  0.001041   0.03461        23       640    0.9578    0.9591    0.9792    0.6296   0.04608   0.01004   0.03759
    90/199     3.61G   0.02934  0.004813  0.001482   0.03563        13       640    0.9042    0.9318    0.9406    0.5712   0.05052   0.01038   0.03934
    91/199     3.61G   0.02876  0.004934 0.0009092   0.03461        10       640    0.9025    0.9611    0.9744    0.6243   0.04715  0.009964   0.03937
    92/199     3.61G   0.02833  0.004988  0.001389   0.03471        18       640    0.9205    0.9433    0.9715    0.6183   0.04614   0.01034   0.03939
    93/199     3.61G   0.02865  0.004828 0.0008714   0.03435        18       640    0.8939    0.8809    0.9403    0.5787   0.05361   0.01102   0.04219
    94/199     3.61G   0.02959   0.00497  0.001494   0.03606        13       640    0.9465    0.9567    0.9791    0.6477   0.04653   0.01005   0.03836
    95/199     3.61G   0.02883  0.004844  0.001024    0.0347        14       640    0.9484    0.9557     0.976    0.6488   0.04453   0.01014    0.0384
    96/199     3.61G   0.02878  0.004821 0.0008326   0.03444        18       640    0.9309    0.9691    0.9723    0.6276   0.04514  0.009792   0.04017
    97/199     3.61G   0.02841  0.004722 0.0009592   0.03409        22       640    0.9545    0.8747    0.9622     0.606   0.05053   0.01084   0.03916
    98/199     3.61G   0.02812  0.004744  0.001052   0.03391         6       640    0.9335    0.9277    0.9614    0.6158   0.04747   0.01051   0.03807
    99/199     3.61G   0.02864  0.004981  0.001224   0.03485        25       640    0.9279     0.956    0.9752    0.6523   0.04536   0.01008   0.03921
   100/199     3.61G   0.02844   0.00489 0.0008592   0.03419        32       640    0.9228    0.9576    0.9747    0.6388   0.04529   0.01044   0.03785
   101/199     3.61G   0.02762  0.004805  0.001064   0.03349        20       640    0.9403    0.9458    0.9729    0.6471   0.04638    0.0105    0.0384
   102/199     3.61G   0.02789   0.00492 0.0009046   0.03372        15       640    0.9305    0.9523    0.9737    0.6388    0.0461   0.01057   0.03916
   103/199     3.61G    0.0287  0.004755  0.001136   0.03459        30       640    0.9099    0.8777    0.9316    0.5654    0.0532   0.01205   0.04087
   104/199     3.61G    0.0284  0.004705   0.00136   0.03446        14       640    0.9472    0.9568    0.9761    0.6473   0.04489  0.009576   0.03867
   105/199     3.61G   0.02834  0.004778   0.00128    0.0344        19       640    0.9374    0.9677    0.9767    0.6475   0.04454  0.009958   0.03717
   106/199     3.61G   0.02773  0.004726  0.001079   0.03354        18       640    0.9368    0.9667    0.9752    0.6384   0.04423   0.01015    0.0373
   107/199     3.61G   0.02725  0.004712 0.0008151   0.03278        21       640    0.9317    0.9654    0.9756    0.6394   0.04637   0.01061   0.03939
   108/199     3.61G   0.02751  0.004695 0.0008316   0.03304        16       640    0.9361    0.9419    0.9702    0.6182   0.04673   0.01067   0.03808
   109/199     3.61G   0.02746  0.004775  0.001063    0.0333        22       640    0.9413    0.9623    0.9747    0.6522   0.04318   0.01005   0.03715
   110/199     3.61G   0.02724  0.004755  0.001042   0.03304        26       640    0.9399    0.9571    0.9742    0.6438   0.04616   0.01026   0.03754
   111/199     3.61G   0.02723  0.004654 0.0008281   0.03272        23       640    0.9211    0.9385    0.9663    0.6062   0.04896   0.01088    0.0384
   112/199     3.61G    0.0272  0.004599 0.0006885   0.03248        17       640    0.9466    0.9712    0.9785    0.6597   0.04349  0.009901   0.03667
   113/199     3.61G   0.02708  0.004602 0.0006674   0.03235         9       640    0.9553    0.9683    0.9795    0.6613   0.04268  0.009902   0.03774
   114/199     3.61G   0.02715  0.004615 0.0006272   0.03239        18       640    0.9406    0.9656    0.9774    0.6605   0.04454   0.01033   0.03867
   115/199     3.61G    0.0271  0.004731 0.0008826   0.03271        32       640    0.9464    0.9631    0.9821    0.6521   0.04417    0.0102   0.03898
   116/199     3.61G   0.02727  0.004666 0.0007522   0.03268        13       640    0.9291    0.9737    0.9797    0.6631   0.04587  0.009982   0.03788
   117/199     3.61G   0.02639  0.004506 0.0008897   0.03178        12       640     0.954    0.9553    0.9804     0.667   0.04427   0.00976   0.03859
   118/199     3.61G   0.02702  0.004597 0.0008302   0.03245        18       640    0.9624    0.9521    0.9818    0.6633   0.04449   0.01004   0.03853
   119/199     3.61G   0.02718  0.004471 0.0007579   0.03241        18       640    0.9298    0.9637    0.9801     0.643   0.04341   0.01024   0.03926
   120/199     3.61G    0.0264  0.004554 0.0008842   0.03183        20       640    0.9428    0.9602    0.9798    0.6713   0.04323   0.01002   0.03637
   121/199     3.61G     0.027  0.004661 0.0008529   0.03252        14       640    0.9625    0.9696    0.9826    0.6531   0.04336  0.009916   0.03569
   122/199     3.61G    0.0259  0.004617 0.0008978   0.03142        25       640    0.9553    0.9571    0.9745    0.6325   0.04626   0.01008   0.03632
   123/199     3.61G   0.02674    0.0046 0.0006894   0.03203         6       640    0.9661    0.9357    0.9713    0.6476   0.04639   0.01022   0.03748
   124/199     3.61G   0.02651    0.0047 0.0008096   0.03202         9       640     0.951    0.9579    0.9804    0.6735   0.04381  0.009882   0.03843
   125/199     3.61G   0.02633  0.004566 0.0009205   0.03182         6       640    0.9442    0.9746    0.9804    0.6716   0.04333  0.009922   0.03739
   126/199     3.61G   0.02672  0.004657 0.0006772   0.03205         8       640     0.949     0.981     0.983    0.6546   0.04374  0.009818    0.0375
   127/199     3.61G   0.02694  0.004679 0.0008839   0.03251        14       640    0.9511    0.9759    0.9827    0.6718   0.04077   0.01019   0.03629
   128/199     3.61G   0.02653  0.004553  0.001039   0.03212        11       640    0.9498    0.9561     0.981    0.6659   0.04067   0.01036     0.037
   129/199     3.61G   0.02633  0.004501 0.0007131   0.03155        18       640    0.9262    0.9672     0.977    0.6566   0.04113  0.009884   0.03785
   130/199     3.61G   0.02623  0.004525 0.0006876   0.03145        15       640    0.9459    0.9616    0.9806    0.6651    0.0411   0.01029   0.03819
   131/199     3.61G   0.02652  0.004559 0.0008063   0.03188        30       640    0.9585    0.9336    0.9768    0.6266   0.04202   0.01051   0.03725
   132/199     3.61G   0.02641  0.004521 0.0007206   0.03165        16       640    0.9554    0.9357    0.9708     0.637   0.04386   0.01133   0.03866
   133/199     3.61G   0.02648  0.004538 0.0006922   0.03171        21       640    0.9391    0.9756    0.9803    0.6655   0.04091   0.00997   0.03716
   134/199     3.61G   0.02609  0.004572 0.0007205   0.03138         7       640    0.9324     0.964    0.9789    0.6626   0.04085   0.01044    0.0371
   135/199     3.61G   0.02537  0.004499 0.0005252   0.03039        23       640    0.9435    0.9474    0.9776    0.6636   0.04246   0.01012   0.03766
   136/199     3.61G   0.02549  0.004563 0.0008016   0.03085        13       640    0.9615    0.9534    0.9793    0.6728   0.04104   0.01003   0.03716
   137/199     3.61G   0.02553  0.004541 0.0009557   0.03103        12       640    0.9476    0.9718    0.9819    0.6606   0.04096   0.01025   0.03668
   138/199     3.61G   0.02638  0.004581 0.0006799   0.03164        15       640    0.9424    0.9672    0.9805    0.6715   0.04068  0.009996   0.03719
   139/199     3.61G   0.02585  0.004437 0.0005634   0.03085        16       640    0.9442    0.9705    0.9817     0.668   0.04052   0.01007    0.0373
   140/199     3.61G   0.02567  0.004414 0.0005057   0.03059         7       640    0.9517    0.9636    0.9805    0.6662   0.04076   0.01058    0.0371
   141/199     3.61G   0.02529  0.004385 0.0006695   0.03034         8       640    0.9545    0.9623    0.9797    0.6732   0.04063   0.00986   0.03736
   142/199     3.61G   0.02529  0.004554 0.0007775   0.03063        17       640    0.9314    0.9787    0.9776    0.6624   0.04102   0.01005   0.03727
   143/199     3.61G   0.02536  0.004364 0.0006452   0.03037        24       640    0.9493    0.9782    0.9817    0.6751   0.03999  0.009929   0.03728
   144/199     3.61G    0.0259  0.004541 0.0007657   0.03121        13       640    0.9506    0.9685    0.9816    0.6787   0.03969   0.01017   0.03625
   145/199     3.61G   0.02552  0.004594 0.0007514   0.03087        20       640    0.9543    0.9715     0.982    0.6747   0.03912   0.01018   0.03592
   146/199     3.61G   0.02515  0.004509 0.0006358   0.03029        16       640    0.9529    0.9719      0.98    0.6833   0.03997  0.009897   0.03664
   147/199     3.61G    0.0256  0.004469 0.0004912   0.03056        19       640    0.9482    0.9734    0.9821    0.6877   0.04023   0.01005   0.03762
   148/199     3.61G   0.02489  0.004516 0.0005201   0.02993        12       640    0.9466    0.9718    0.9799     0.672   0.04069   0.01024   0.03738
   149/199     3.61G   0.02456  0.004404 0.0006506   0.02962        13       640    0.9502    0.9764    0.9814    0.6831   0.04037  0.009952   0.03705
   150/199     3.61G   0.02442  0.004434  0.000719   0.02958        21       640    0.9503    0.9775    0.9807    0.6746   0.04019  0.009912   0.03717
   151/199     3.61G   0.02468  0.004356 0.0005238   0.02956        13       640    0.9586    0.9624      0.98    0.6868   0.03995  0.009973    0.0368
   152/199     3.61G   0.02479  0.004478 0.0009395   0.03021        19       640    0.9474    0.9589     0.979    0.6642   0.04061   0.01038   0.03783
   153/199     3.61G   0.02508  0.004509 0.0005717   0.03016        16       640    0.9595    0.9676    0.9802    0.6789   0.03969   0.01015   0.03743
   154/199     3.61G     0.025  0.004461 0.0006664   0.03013        24       640    0.9514    0.9692    0.9802    0.6776   0.03938   0.01012   0.03744
   155/199     3.61G   0.02525  0.004477 0.0004608   0.03018        20       640     0.956    0.9655    0.9815    0.6776   0.03925      0.01   0.03662
   156/199     3.61G   0.02473  0.004507 0.0007222   0.02996        10       640    0.9573     0.967    0.9816    0.6783   0.03917   0.01008   0.03625
   157/199     3.61G   0.02435  0.004407  0.000728   0.02949        21       640     0.943    0.9801    0.9813    0.6771   0.03925   0.01014   0.03652
   158/199     3.61G   0.02452  0.004433 0.0006957   0.02965         8       640    0.9504     0.972    0.9812    0.6783   0.03939  0.009962   0.03698
   159/199     3.61G   0.02474  0.004538  0.000753   0.03003        29       640    0.9565    0.9668    0.9819    0.6706   0.03996   0.01033   0.03724
   160/199     3.61G   0.02486  0.004465 0.0008753    0.0302        15       640    0.9412     0.984    0.9829    0.6728   0.03998   0.01017    0.0373
   161/199     3.61G   0.02513  0.004607 0.0009521   0.03068        14       640    0.9575    0.9713    0.9821    0.6899   0.03886  0.009979   0.03637
   162/199     3.61G   0.02479  0.004588 0.0009164   0.03029        16       640    0.9528    0.9633    0.9828    0.6835   0.03935   0.01009   0.03717
   163/199     3.61G   0.02456  0.004459 0.0004403   0.02946        14       640    0.9606     0.962    0.9825    0.6878   0.03877   0.01006   0.03706
   164/199     3.61G   0.02433  0.004441 0.0005895   0.02936         9       640    0.9521    0.9733    0.9821    0.6857   0.03843   0.01019   0.03755
   165/199     3.61G   0.02452  0.004544 0.0005345    0.0296        18       640    0.9498    0.9749    0.9822    0.6929   0.03833   0.01025   0.03719
   166/199     3.61G   0.02433  0.004337 0.0006228   0.02929        12       640    0.9528    0.9677    0.9825    0.6812   0.03892   0.01008   0.03759
   167/199     3.61G   0.02456  0.004287 0.0006503    0.0295        12       640    0.9607    0.9616    0.9822    0.6807   0.03848   0.01035   0.03794
   168/199     3.61G   0.02465  0.004405 0.0006005   0.02966        13       640     0.946    0.9771    0.9828    0.6853   0.03816   0.01021   0.03817
   169/199     3.61G   0.02438  0.004452 0.0006831   0.02952        29       640    0.9572     0.971    0.9828    0.6779    0.0383    0.0102   0.03772
   170/199     3.61G   0.02472  0.004408 0.0004049   0.02953        11       640     0.958    0.9708     0.983    0.6793   0.03799   0.01015   0.03753
   171/199     3.61G   0.02419   0.00434 0.0007014   0.02923        13       640    0.9557     0.973    0.9826    0.6758   0.03829   0.01009   0.03733
   172/199     3.61G   0.02458  0.004611 0.0005961   0.02979        14       640    0.9573    0.9654    0.9815    0.6765   0.03817   0.01017   0.03752
   173/199     3.61G   0.02415  0.004365 0.0005208   0.02903        16       640    0.9551    0.9741     0.982     0.681   0.03812   0.01012   0.03757
   174/199     3.61G   0.02428  0.004494 0.0008194   0.02959        18       640    0.9526     0.977    0.9818    0.6823   0.03827   0.01011    0.0372
   175/199     3.61G    0.0241  0.004448 0.0005131   0.02906        10       640    0.9549    0.9725    0.9823    0.6841   0.03837   0.01033   0.03719
   176/199     3.61G   0.02437  0.004351 0.0008193   0.02954        19       640    0.9564    0.9729    0.9819    0.6821   0.03853   0.01022   0.03704
   177/199     3.61G    0.0245  0.004493  0.001092   0.03008        12       640    0.9488    0.9777    0.9821    0.6816   0.03826   0.01015    0.0369
   178/199     3.61G   0.02443   0.00431 0.0005162   0.02926        22       640    0.9577    0.9649    0.9814    0.6852    0.0382   0.01025   0.03697
   179/199     3.61G   0.02443  0.004439 0.0005898   0.02946        10       640    0.9465    0.9792    0.9817    0.6824   0.03837   0.01025    0.0369
   180/199     3.61G   0.02359  0.004275 0.0007077   0.02857        14       640    0.9612    0.9621    0.9813    0.6894   0.03817   0.01013   0.03599
   181/199     3.61G   0.02422  0.004535 0.0008033   0.02955        23       640     0.956    0.9698     0.982    0.6894    0.0384   0.01033   0.03698
   182/199     3.61G    0.0242  0.004505 0.0005889    0.0293        10       640    0.9413    0.9809    0.9815    0.6923   0.03844   0.01014   0.03664
   183/199     3.61G   0.02373  0.004363 0.0005441   0.02864        17       640    0.9422    0.9804    0.9811    0.6925   0.03836   0.01024   0.03652
   184/199     3.61G   0.02389  0.004393 0.0005889   0.02887        13       640    0.9437      0.98    0.9815    0.6937    0.0383    0.0102   0.03658
   185/199     3.61G   0.02353  0.004309 0.0008579    0.0287        22       640     0.957    0.9668    0.9818    0.6966   0.03836   0.01011   0.03645
   186/199     3.61G   0.02421  0.004444  0.000685   0.02934        11       640    0.9609    0.9622    0.9817    0.6959   0.03826   0.01016   0.03659
   187/199     3.61G   0.02364  0.004368 0.0005582   0.02857        21       640    0.9474    0.9795    0.9816    0.6919   0.03814   0.01024   0.03657
   188/199     3.61G   0.02448  0.004351  0.000665    0.0295        14       640    0.9621    0.9618    0.9815    0.6906   0.03805   0.01016   0.03661
   189/199     3.61G   0.02343  0.004381 0.0005519   0.02837        15       640    0.9562    0.9677    0.9817    0.6946   0.03826   0.01007   0.03662
   190/199     3.61G   0.02419  0.004423 0.0006279   0.02924        25       640    0.9476    0.9795    0.9819    0.6925   0.03808   0.01019   0.03669
   191/199     3.61G   0.02404  0.004449 0.0005783   0.02907        17       640    0.9482    0.9789    0.9819    0.6934   0.03808   0.01023   0.03675
   192/199     3.61G   0.02359  0.004476 0.0005006   0.02857        19       640    0.9509    0.9758    0.9823    0.6915   0.03827   0.01017   0.03687
   193/199     3.61G    0.0239    0.0044 0.0004601   0.02876        12       640    0.9629    0.9608    0.9823    0.6967   0.03805   0.01017   0.03678
   194/199     3.61G   0.02402  0.004404 0.0006425   0.02907        14       640    0.9596    0.9635    0.9824    0.6949   0.03795   0.01014   0.03682
   195/199     3.61G    0.0236  0.004406 0.0007159   0.02872        18       640    0.9608    0.9626    0.9819     0.693   0.03789   0.01011   0.03669
   196/199     3.61G    0.0235  0.004362 0.0004796   0.02834        12       640    0.9599    0.9635    0.9821    0.6923   0.03786   0.01017   0.03675
   197/199     3.61G   0.02436  0.004308 0.0005788   0.02925        13       640    0.9489    0.9768    0.9826    0.6911   0.03789   0.01019   0.03701
   198/199     3.61G   0.02369  0.004268 0.0005094   0.02847        25       640    0.9486    0.9771    0.9827    0.6915   0.03793   0.01018   0.03703
   199/199     3.61G   0.02416  0.004355 0.0004449   0.02896        12       640    0.9617    0.9612    0.9827     0.693   0.03795   0.01018     0.037
