     0/199    0.539G   0.09442    0.0103   0.04172    0.1464        19       640 0.0003999    0.1156  0.000233 4.803e-05    0.1119  0.008986   0.04906
     1/199     3.01G   0.08057  0.005087   0.02769    0.1133        13       640  0.001605   0.09075 0.0004563 0.0001011    0.1103   0.01043   0.05312
     2/199     3.44G   0.07671   0.00466   0.02448    0.1058        14       640    0.9225   0.03473   0.02171  0.004194    0.1187  0.008231   0.07038
     3/199     3.44G   0.07066  0.004348   0.02034   0.09534        14       640    0.8957   0.04813   0.01363  0.002683     0.113  0.007704   0.06388
     4/199     3.44G   0.07091  0.004577   0.02554     0.101         7       640    0.9451   0.05339   0.04914   0.01186    0.1034  0.009655   0.05225
     5/199     3.44G   0.06729  0.005386   0.02612    0.0988        10       640    0.6985    0.1198   0.07914   0.02362   0.09542   0.01129   0.05356
     6/199     3.44G    0.0648  0.005323   0.02323   0.09336         5       640      0.75    0.1807    0.1465   0.04792    0.1012   0.01201   0.07355
     7/199     3.44G   0.06499  0.005366   0.02134    0.0917        25       640    0.2875    0.1412   0.03338  0.007311    0.1099   0.01243   0.06941
     8/199     3.44G   0.06214  0.005154   0.01772   0.08501        14       640    0.7833    0.3338    0.2911   0.09744   0.09625    0.0107    0.0626
     9/199     3.44G   0.06124   0.00508   0.01845   0.08477        22       640    0.9009    0.2374    0.2433   0.09869   0.09541   0.01072   0.06824
    10/199     3.44G   0.05669  0.005185   0.01688   0.07876        17       640    0.8857    0.3664    0.3768    0.1842   0.09126  0.009999   0.05722
    11/199     3.44G   0.05662  0.005145   0.01717   0.07894         6       640    0.9158    0.2819    0.2902     0.119    0.0959   0.01111   0.06877
    12/199     3.44G   0.05371  0.005589   0.01534   0.07464        21       640    0.8224    0.3223     0.266    0.1144   0.08836   0.01095   0.06162
    13/199     3.44G   0.05284  0.005638   0.01502    0.0735        23       640    0.6882    0.2108     0.238   0.09252    0.1011   0.01246    0.0757
    14/199     3.44G   0.05279  0.005339    0.0148   0.07293        17       640     0.926    0.2988    0.3325    0.1436   0.08886   0.01112   0.06331
    15/199     3.44G   0.05282  0.005483   0.01515   0.07346        18       640    0.9313     0.431     0.466    0.2082   0.08666   0.01002   0.05612
    16/199     3.44G   0.05544  0.005317   0.01639   0.07715        11       640    0.8183    0.3277    0.3783    0.1776   0.08583   0.01053   0.05607
    17/199     3.44G   0.05405  0.005567   0.01483   0.07445        17       640    0.8991    0.4187    0.4932    0.2199   0.08287   0.01039   0.04771
    18/199     3.44G    0.0543  0.005354   0.01332   0.07297        19       640    0.6467    0.2425    0.2519    0.1014   0.09895   0.01165   0.06696
    19/199     3.44G   0.05308  0.005659    0.0131   0.07184         8       640    0.5173    0.4026    0.3352    0.1276   0.08971   0.01158   0.05774
    20/199     3.44G    0.0512  0.005894    0.0114    0.0685        12       640    0.8643    0.3877    0.4531    0.2023   0.08578   0.01055   0.05196
    21/199     3.44G   0.04951   0.00609   0.01047   0.06607        14       640    0.6697    0.3545    0.4239    0.1948   0.08652   0.01293   0.06171
    22/199     3.44G   0.05105  0.005454   0.01039   0.06689        10       640    0.5124    0.1798    0.2021   0.07033    0.0996   0.01314   0.08301
    23/199     3.44G   0.05225  0.005426   0.01216   0.06984        11       640    0.8133     0.236    0.2749    0.1077   0.09366   0.01253    0.1348
    24/199     3.44G   0.04942  0.005812  0.009737   0.06497        26       640    0.7862    0.5576    0.6103    0.2998    0.0796   0.01037   0.04443
    25/199     3.44G   0.04937  0.005951  0.008406   0.06372        27       640    0.6103    0.5209     0.486    0.2015   0.08032   0.01199   0.04606
    26/199     3.44G   0.05032  0.005869  0.009853   0.06604         6       640    0.6816    0.4066    0.4392    0.2246   0.08548   0.01186   0.06144
    27/199     3.44G   0.04883  0.006313   0.00975   0.06489        10       640     0.727    0.1698    0.1956   0.08394   0.08935   0.01315     0.071
    28/199     3.44G     0.049  0.006036   0.01051   0.06554        18       640    0.6466    0.2668    0.2392    0.1019   0.08826   0.01283    0.0817
    29/199     3.44G   0.04963  0.006207   0.01105   0.06689        10       640    0.4582    0.6285    0.6077    0.3029   0.07784   0.01086   0.04149
    30/199     3.44G   0.04984  0.006078  0.009291   0.06521        11       640    0.8108    0.5393    0.6012    0.3057   0.07661   0.01007   0.03813
    31/199     3.44G   0.04748  0.006255   0.01008   0.06381        17       640    0.7795    0.5668    0.6384    0.3053   0.07678   0.01054    0.0455
    32/199     3.44G   0.04747  0.006197  0.008877   0.06254        12       640    0.8586    0.5453     0.621    0.2766   0.08225   0.01062   0.04881
    33/199     3.44G   0.04712  0.006099  0.008308   0.06153        22       640    0.5534    0.6339    0.6835    0.3385   0.07424   0.01122   0.04113
    34/199     3.44G   0.04707  0.006046  0.008978    0.0621        33       640    0.7365    0.6454    0.7302    0.3614   0.07285   0.01051   0.04078
    35/199     3.44G   0.04733  0.005877  0.008777   0.06198        11       640    0.6533    0.4512    0.4541    0.1981   0.07654   0.01083    0.0435
    36/199     3.44G   0.04931   0.00596  0.008636   0.06391         9       640    0.4784    0.5159    0.5714    0.2867   0.08099     0.011    0.0511
    37/199     3.44G      0.05  0.005892  0.009896   0.06579        19       640    0.1992    0.1652    0.1728   0.07134   0.09595   0.01514   0.06951
    38/199     3.44G   0.04896  0.005992   0.01183   0.06678        20       640    0.9894   0.06707   0.08065   0.02942    0.1099   0.01436    0.1476
    39/199     3.44G   0.04972  0.005947    0.0119   0.06757        13       640    0.8396    0.6142    0.7119    0.3544   0.07819  0.009805   0.04357
    40/199     3.44G   0.04874  0.005811  0.009594   0.06415        19       640    0.6564    0.2402    0.2792    0.1309    0.0951   0.01324    0.1031
    41/199     3.44G   0.04942  0.006133   0.01284   0.06839        19       640    0.8276    0.2321    0.2639    0.1349   0.09422   0.01472   0.08461
    42/199     3.44G   0.04998  0.005892   0.01147   0.06734        14       640    0.8857    0.2907    0.3783    0.1743   0.08273   0.01202   0.04637
    43/199     3.44G    0.0516  0.005798   0.01402   0.07142        11       640    0.6849    0.7611    0.7646    0.3809   0.07776   0.01012   0.03701
    44/199     3.44G   0.05048  0.005954   0.01134   0.06778        19       640    0.7173    0.6787    0.7512     0.374   0.08087  0.009226   0.04931
    45/199     3.44G    0.0505  0.005646   0.01299   0.06913        23       640    0.4453    0.2748    0.1684   0.06625    0.0935   0.01229   0.06569
    46/199     3.44G   0.05288  0.005997   0.01537   0.07425        10       640    0.4613    0.2058    0.1831   0.06518   0.09819   0.01531    0.0611
    47/199     3.44G    0.0526  0.005788   0.01323   0.07161        10       640    0.9689   0.09906    0.1303   0.03766    0.1039    0.0132   0.09409
    48/199     3.44G   0.05077  0.005858   0.01208   0.06871        16       640    0.5741    0.0328  0.006968  0.001644    0.1094   0.01539    0.1245
    49/199     3.44G   0.04731  0.005845   0.01051   0.06367        15       640    0.1722     0.414    0.2502    0.1077   0.09744   0.01605    0.1233
    50/199     3.44G    0.0496  0.006165   0.01187   0.06764        18       640     0.762    0.1427     0.161   0.06805   0.09553   0.01588   0.07546
    51/199     3.44G   0.05169  0.006449   0.01442   0.07256        15       640    0.6109    0.1347    0.1452   0.06232   0.09651   0.01501   0.07002
    52/199     3.44G   0.05098  0.006349   0.01266   0.06999        18       640    0.7191    0.6081     0.684    0.3468   0.07597   0.01158   0.03779
    53/199     3.44G   0.04762  0.005934   0.01171   0.06526        21       640    0.9053    0.2751    0.3405    0.1649   0.08861   0.01324   0.06039
    54/199     3.44G    0.0488  0.006168   0.01298   0.06795        11       640    0.5721    0.2514    0.2508   0.09731   0.08237   0.01483   0.04987
    55/199     3.44G   0.04867  0.006341   0.01484   0.06984        19       640    0.9328   0.08926    0.1146   0.03804   0.09862   0.01295   0.07931
    56/199     3.44G   0.04677  0.006448   0.01151   0.06473        11       640    0.7736    0.6526     0.766    0.3928   0.07087   0.01243   0.03759
    57/199     3.44G   0.04583  0.006173  0.009949   0.06195        15       640    0.6758    0.3445    0.3784    0.1859   0.07421   0.01412   0.04504
    58/199     3.44G   0.04556  0.006214   0.01134   0.06312        24       640    0.8864    0.4139    0.4516    0.1981   0.08419   0.01574   0.05313
    59/199     3.44G   0.04573  0.006429  0.009858   0.06202         9       640    0.8608    0.7223    0.8323     0.411   0.06444   0.01331   0.03058
    60/199     3.44G   0.04677  0.006404   0.01023    0.0634        10       640    0.6743    0.1739    0.1685    0.0596    0.0926   0.01385   0.05718
    61/199     3.44G   0.04947  0.006566   0.01164   0.06768        28       640    0.6681    0.7333    0.7136    0.3131   0.06758   0.01169   0.03029
    62/199     3.44G   0.04686  0.006501   0.01298   0.06634        15       640    0.8269    0.5042    0.5743    0.2886   0.06574   0.01331   0.03274
    63/199     3.44G   0.04602  0.006424   0.01228   0.06472        20       640    0.8534    0.6377    0.7508    0.3667   0.06547   0.01164   0.02893
    64/199     3.44G   0.04468  0.006484   0.01185   0.06301        16       640    0.8014    0.3018    0.3012    0.1546   0.07738   0.01572   0.05468
    65/199     3.44G   0.04266  0.006306   0.01105   0.06002         8       640    0.7543    0.8314    0.8819    0.4746   0.06279   0.01075   0.02427
    66/199     3.44G   0.04448  0.006043  0.008991   0.05952        11       640    0.7007    0.5846    0.6451    0.3293   0.07192   0.01263   0.03672
    67/199     3.44G   0.04556  0.006018  0.009916   0.06149        14       640    0.6653    0.7798     0.754    0.3941   0.06574   0.01091    0.0267
    68/199     3.44G    0.0424    0.0061  0.008596   0.05709        26       640    0.7441    0.4273    0.5127    0.2843   0.08294   0.01547   0.05775
    69/199     3.44G   0.04075  0.006096  0.008464   0.05531        14       640    0.7005    0.7636    0.8169    0.4199   0.07464    0.0104   0.03576
    70/199     3.44G   0.04504  0.006136   0.01022   0.06139         9       640    0.6475    0.2658    0.2033   0.08692    0.0842   0.01501   0.05527
    71/199     3.44G   0.04706  0.006282   0.01137   0.06471        10       640    0.7579    0.5581     0.648    0.3179   0.06759   0.01158   0.02561
    72/199     3.44G   0.04507  0.006163   0.01177   0.06301        11       640    0.8913    0.5773    0.7149    0.3515   0.06611   0.01122   0.02746
    73/199     3.44G   0.04512  0.006279      0.01    0.0614        12       640    0.7222    0.3173    0.3364    0.1614   0.07912     0.014   0.05279
    74/199     3.44G   0.04241  0.006029  0.008593   0.05703        14       640    0.8902    0.7065    0.7826    0.4133   0.06426   0.01135    0.0243
    75/199     3.44G   0.04227  0.006169  0.009226   0.05767        21       640    0.9119     0.737    0.8067     0.463   0.06379   0.01019   0.02206
    76/199     3.44G   0.04066  0.006066  0.008542   0.05527        27       640    0.6124    0.6088     0.634    0.3151   0.07131   0.01215   0.03392
    77/199     3.44G   0.04354   0.00625  0.008604    0.0584        13       640      0.85    0.6508    0.7265    0.3856   0.06815   0.01176   0.02779
    78/199     3.44G   0.04312  0.006085  0.009467   0.05867        22       640    0.6008     0.178    0.2321    0.1072   0.09006   0.01668   0.06181
    79/199     3.44G   0.04446  0.005973   0.00818   0.05861         7       640    0.8365    0.8429     0.911    0.5121   0.06035    0.0101   0.01921
    80/199     3.44G   0.04134  0.005961  0.007581   0.05488        13       640     0.852    0.8717    0.9282    0.5086   0.06301  0.009645   0.01882
    81/199     3.44G   0.04307  0.005952  0.007324   0.05635        17       640    0.5799    0.3095    0.3181    0.1536   0.08157   0.01602   0.04778
    82/199     3.44G   0.04232  0.006052  0.007509   0.05588        12       640     0.814    0.8561     0.888    0.4789   0.05819   0.01001   0.01873
    83/199     3.44G   0.04202  0.005975  0.007043   0.05504        10       640    0.9071    0.7293    0.8728    0.4547   0.06142   0.01016   0.02086
    84/199     3.44G   0.04198  0.005831  0.006669   0.05448        29       640    0.8455     0.669    0.7734    0.4017   0.06692   0.01126   0.02903
    85/199     3.44G   0.04103  0.006028  0.006314   0.05337        19       640    0.7505    0.8429    0.8708    0.4959    0.0628   0.01051   0.02159
    86/199     3.44G   0.03997  0.005841  0.007422   0.05323        19       640    0.8372    0.7705    0.8277    0.4341   0.06016   0.01059   0.01802
    87/199     3.44G   0.04243  0.005993  0.008787   0.05721        29       640    0.5781     0.391    0.4099    0.1701   0.07853   0.01357   0.04961
    88/199     3.44G   0.04208   0.00586  0.008103   0.05604        16       640    0.6318    0.4529    0.4992    0.2533    0.0671   0.01201   0.02666
    89/199     3.44G   0.04221  0.005691   0.00837   0.05627        12       640    0.8418    0.8611     0.919    0.5474   0.05763  0.009729   0.01744
    90/199     3.44G   0.04141   0.00573  0.008233   0.05538        12       640    0.6789    0.8225    0.8162    0.4515   0.06294   0.01029   0.02087
    91/199     3.44G   0.03886  0.005703  0.005873   0.05044        13       640    0.8236    0.7505    0.8212    0.4919   0.05938   0.01018   0.01862
    92/199     3.44G   0.03934  0.005826  0.006974   0.05214         7       640    0.8266    0.7086    0.8099    0.4567   0.06618   0.01112   0.02342
    93/199     3.44G    0.0398  0.005585  0.006612   0.05199        26       640    0.8499    0.8557    0.9011    0.5244   0.06271   0.00904   0.01839
    94/199     3.44G   0.04079  0.005713  0.008358   0.05486         9       640    0.8239    0.8571    0.8954    0.5206   0.05759  0.009697   0.01771
    95/199     3.44G   0.04053  0.005737  0.006202   0.05247        11       640    0.8589    0.7653    0.8307    0.4956   0.05993   0.01037    0.0192
    96/199     3.44G   0.03954  0.005871  0.006058   0.05147        17       640    0.9104    0.8507    0.9342    0.5595   0.05428  0.009649   0.01731
    97/199     3.44G   0.03978  0.005708  0.005995   0.05148        12       640    0.7036    0.2721    0.2892    0.1282   0.07603   0.01461   0.04376
    98/199     3.44G   0.03865   0.00588  0.007408   0.05194        21       640     0.723    0.7082    0.7368    0.3832   0.06197   0.01266   0.03069
    99/199     3.44G    0.0393  0.005781   0.00705   0.05213        11       640    0.8623    0.8399    0.9048     0.541   0.05333   0.00993   0.01729
   100/199     3.44G      0.04  0.006029  0.006664   0.05269        16       640    0.7683    0.8476      0.86    0.4876   0.05655   0.01118   0.01865
   101/199     3.44G   0.03978  0.005711  0.006558   0.05204        27       640     0.718    0.3198    0.3684    0.1693   0.07218   0.01388   0.03926
   102/199     3.44G   0.03854  0.005914  0.005464   0.04992        26       640    0.7498      0.84    0.8757    0.4841   0.05864   0.01091   0.01838
   103/199     3.44G   0.04046  0.005666  0.006392   0.05252         5       640    0.8997     0.897    0.9445    0.5542   0.05138   0.00981   0.01575
   104/199     3.44G   0.04178  0.005735  0.007257   0.05477        14       640    0.8983    0.8977    0.9326    0.5578   0.05026   0.01066   0.01538
   105/199     3.44G   0.03867  0.005783  0.005909   0.05037        12       640    0.9069    0.8873    0.9359    0.5563   0.05006  0.009976   0.01538
   106/199     3.44G   0.03982  0.005748  0.005619   0.05118        19       640    0.8576    0.8164    0.8517    0.4747   0.05186   0.01098   0.01705
   107/199     3.44G    0.0375  0.005805  0.004666   0.04797        25       640    0.8152    0.7633    0.7989    0.4569   0.05936   0.01126   0.02411
   108/199     3.44G   0.03814  0.005719  0.006717   0.05058         7       640    0.8881    0.8975    0.9366    0.5678   0.04768   0.01035   0.01575
   109/199     3.44G   0.03818  0.005778  0.004913   0.04887         9       640    0.8906    0.9113    0.9371    0.5708   0.04867   0.01005   0.01551
   110/199     3.44G   0.03794  0.005774  0.005643   0.04935        28       640     0.924    0.9043    0.9486    0.5841   0.05025  0.009827   0.01511
   111/199     3.44G   0.03813  0.005784  0.004849   0.04877        16       640     0.938    0.8698    0.9457    0.5718   0.04796   0.01003   0.01456
   112/199     3.44G   0.03818  0.005648  0.004192   0.04802        18       640    0.8841    0.9002    0.9389     0.564   0.05187  0.009923   0.01555
   113/199     3.44G   0.03706  0.005606   0.00578   0.04845        18       640    0.9277    0.9157    0.9439    0.6122   0.04993  0.009736   0.01424
   114/199     3.44G   0.03725  0.005678  0.005729   0.04866        12       640    0.9248    0.8508    0.9377    0.5935   0.05064   0.01021   0.01591
   115/199     3.44G   0.03798  0.005706  0.004825   0.04851        17       640    0.8971    0.8718    0.9278    0.5454   0.05238   0.01031   0.01588
   116/199     3.44G   0.03724  0.005644  0.004615    0.0475        18       640     0.913    0.9077    0.9472    0.5957   0.04779   0.01009   0.01507
   117/199     3.44G   0.03788  0.005621  0.004522   0.04802        11       640    0.9171    0.9118    0.9424    0.5879   0.04867   0.01006    0.0146
   118/199     3.44G   0.03625  0.005684  0.003953   0.04588         9       640    0.9221    0.8431    0.9121    0.5558   0.04709   0.01104   0.01503
   119/199     3.44G   0.03734  0.005814  0.004403   0.04756        16       640    0.9362    0.8614    0.9481    0.6031   0.04857   0.01024   0.01447
   120/199     3.44G   0.03785  0.005789  0.004826   0.04847        10       640    0.9402    0.8602    0.9393    0.5842   0.04938   0.01038   0.01468
   121/199     3.44G   0.03618  0.005724  0.004623   0.04653        15       640    0.9055    0.9118    0.9443    0.5967   0.05087   0.01013   0.01501
   122/199     3.44G   0.03606  0.005634  0.004138   0.04583        20       640    0.9127    0.9065    0.9478    0.6136   0.04625   0.01011   0.01473
   123/199     3.44G   0.03748   0.00559  0.004866   0.04793        11       640    0.9327    0.9235    0.9506    0.5894   0.04902  0.009994   0.01459
   124/199     3.44G   0.03767  0.005596   0.00412   0.04738        26       640    0.9361    0.9045    0.9518    0.5947   0.04831   0.01017   0.01488
   125/199     3.44G   0.03734  0.005608  0.004768   0.04772        22       640    0.9269    0.9045    0.9477    0.5865   0.04693   0.01029   0.01509
   126/199     3.44G   0.03625   0.00572  0.004727    0.0467        14       640     0.925     0.933    0.9518    0.6214    0.0443    0.0104   0.01433
   127/199     3.44G    0.0358   0.00554  0.004152   0.04549        14       640     0.927    0.9269    0.9485    0.6081    0.0446    0.0106   0.01433
   128/199     3.44G   0.03626  0.005577  0.004224   0.04606        18       640    0.9379    0.9439    0.9591    0.6162   0.04509   0.01047   0.01409
   129/199     3.44G   0.03595  0.005503  0.004407   0.04586        14       640    0.9375     0.924    0.9501    0.6064   0.04618   0.01035   0.01379
   130/199     3.44G   0.03635  0.005591  0.004417   0.04636        20       640    0.9213     0.909    0.9476    0.5958   0.04724   0.01053   0.01431
   131/199     3.44G   0.03421   0.00564  0.003822   0.04367        15       640    0.9341    0.9097     0.946    0.5933     0.046   0.01056   0.01381
   132/199     3.44G   0.03603  0.005736  0.003824   0.04559        14       640    0.9297    0.9271    0.9531    0.6104   0.04566   0.01031     0.014
   133/199     3.44G   0.03577  0.005684  0.003927   0.04538        14       640    0.9042    0.9322    0.9534    0.6067   0.04473    0.0104   0.01464
   134/199     3.44G   0.03442  0.005695  0.003977   0.04409        15       640     0.923    0.9243    0.9553    0.6002   0.04463    0.0106   0.01415
   135/199     3.44G    0.0348   0.00556  0.004601   0.04496        32       640    0.9324    0.8854    0.9439    0.5992   0.04504   0.01082   0.01465
   136/199     3.44G   0.03493  0.005719  0.003906   0.04455         9       640    0.9139    0.8883    0.9431    0.5788   0.04557   0.01088   0.01439
   137/199     3.44G   0.03627  0.005648  0.004202   0.04612        16       640    0.9413    0.9146    0.9567    0.6067   0.04427   0.01049   0.01429
   138/199     3.44G   0.03505   0.00554  0.004057   0.04465        13       640    0.8633    0.9333    0.9077    0.5796   0.04519   0.01048   0.01423
   139/199     3.44G   0.03559   0.00561  0.004903    0.0461        21       640    0.9159    0.9394    0.9567    0.6305   0.04328   0.01053   0.01445
   140/199     3.44G   0.03403  0.005728  0.003809   0.04357        11       640    0.9345    0.9285     0.955    0.6292   0.04178   0.01052   0.01423
   141/199     3.44G   0.03426  0.005577  0.003768    0.0436        13       640    0.9359    0.9211    0.9547    0.6196   0.04492   0.01026   0.01417
   142/199     3.44G   0.03424  0.005605  0.003217   0.04306        29       640    0.9192    0.9323    0.9543    0.6128    0.0441   0.01024   0.01386
   143/199     3.44G   0.03468  0.005521  0.003668   0.04387        17       640    0.9257    0.9433    0.9543    0.6084   0.04365   0.01056   0.01381
   144/199     3.44G   0.03376  0.005456  0.004578    0.0438        15       640    0.9099    0.9139    0.9493    0.5858   0.04375   0.01072   0.01399
   145/199     3.44G   0.03383  0.005593  0.003496   0.04292        11       640    0.9347    0.9064     0.953     0.619   0.04229   0.01079   0.01419
   146/199     3.44G   0.03488  0.005482  0.004477   0.04484        10       640    0.9126    0.9473    0.9546    0.6215   0.04256   0.01051   0.01432
   147/199     3.44G    0.0349  0.005611  0.003516   0.04402        18       640    0.9155    0.9477    0.9591     0.608   0.04133   0.01053   0.01417
   148/199     3.44G   0.03388  0.005603  0.003721    0.0432        22       640    0.9163    0.9318    0.9604    0.6248   0.04214   0.01049   0.01422
   149/199     3.44G   0.03293  0.005675  0.003033   0.04164        22       640    0.9397    0.9151    0.9546    0.6185   0.04233    0.0105   0.01416
   150/199     3.44G   0.03345  0.005458  0.003293    0.0422        10       640     0.936    0.9274    0.9588    0.6104   0.04172   0.01063    0.0136
   151/199     3.44G   0.03339  0.005641  0.003121   0.04215        15       640    0.9394    0.9231    0.9533    0.6249   0.04063   0.01064    0.0142
   152/199     3.44G   0.03375  0.005776  0.003482     0.043        21       640     0.914    0.9398    0.9554    0.6144    0.0417   0.01067   0.01401
   153/199     3.44G   0.03335  0.005616  0.004117   0.04308        15       640    0.9261    0.9394    0.9554    0.6387   0.04221   0.01047   0.01403
   154/199     3.44G   0.03268  0.005584  0.003686   0.04195        16       640    0.9302    0.9389    0.9569    0.6357   0.04146   0.01049   0.01388
   155/199     3.44G   0.03432  0.005544  0.003692   0.04355        16       640    0.9351    0.9408    0.9568    0.6294   0.04139   0.01046   0.01403
   156/199     3.44G   0.03344  0.005517   0.00426   0.04321        16       640    0.9308    0.9388    0.9567    0.6243   0.04099    0.0105   0.01387
   157/199     3.44G   0.03361  0.005609  0.003371   0.04259        13       640    0.9552    0.9088    0.9613    0.6184   0.04092   0.01061   0.01347
   158/199     3.44G    0.0328   0.00546  0.004537    0.0428         9       640    0.9368    0.9491    0.9579    0.6254   0.04089    0.0105   0.01385
   159/199     3.44G   0.03248  0.005581   0.00342   0.04148        19       640    0.9473    0.9356    0.9603    0.6315   0.04015   0.01057   0.01378
   160/199     3.44G   0.03277  0.005551  0.002941   0.04126        10       640    0.9537    0.9334    0.9582    0.6288   0.04037   0.01048   0.01392
   161/199     3.44G   0.03309  0.005627  0.003861   0.04258        14       640    0.9434    0.9368    0.9566    0.6398   0.03966   0.01046   0.01371
   162/199     3.44G   0.03226   0.00562  0.002788   0.04067        15       640    0.9412     0.949    0.9576    0.6337   0.03966   0.01062   0.01391
   163/199     3.44G   0.03215  0.005699  0.003576   0.04143        13       640    0.9455    0.9395    0.9596    0.6374   0.03955   0.01062   0.01376
   164/199     3.44G   0.03325   0.00563  0.003609   0.04249        12       640    0.9531    0.9386     0.959    0.6359   0.03985   0.01063   0.01383
   165/199     3.44G   0.03247  0.005518  0.003751   0.04173        10       640    0.9526    0.9502    0.9642     0.637   0.03967   0.01058   0.01367
   166/199     3.44G   0.03197   0.00574  0.003383   0.04109         9       640    0.9499    0.9411    0.9629     0.632   0.03954   0.01069   0.01347
   167/199     3.44G   0.03304  0.005575   0.00366   0.04227        17       640    0.9149    0.9477    0.9594    0.5945   0.03892   0.01068   0.01326
   168/199     3.44G   0.03127  0.005645  0.003007   0.03992        10       640    0.9401    0.9486    0.9597    0.6233   0.04035   0.01059   0.01359
   169/199     3.44G    0.0326  0.005761  0.002652   0.04101        21       640    0.9417    0.9481    0.9581    0.6297   0.04019   0.01058   0.01355
   170/199     3.44G   0.03181  0.005439   0.00312   0.04037        13       640    0.9494    0.9413    0.9599    0.6298   0.03932   0.01062   0.01348
   171/199     3.44G   0.03161  0.005491  0.003096    0.0402        14       640    0.9475    0.9438    0.9633    0.6387   0.03879   0.01068    0.0136
   172/199     3.44G   0.03198  0.005552  0.002933   0.04047        10       640     0.959    0.9379     0.964    0.6369   0.03962   0.01062   0.01364
   173/199     3.44G   0.03134  0.005453  0.002974   0.03977        14       640    0.9561     0.939    0.9646    0.6348   0.03994   0.01062   0.01363
   174/199     3.44G   0.03261  0.005636  0.004411   0.04265        17       640    0.9593    0.9388    0.9654    0.6388   0.03981   0.01062   0.01348
   175/199     3.44G   0.03112  0.005434  0.002834   0.03938        14       640    0.9542      0.94    0.9658    0.6391   0.03968   0.01064    0.0134
   176/199     3.44G   0.03131  0.005448  0.003661   0.04042        14       640    0.9536    0.9403    0.9641    0.6365   0.03927   0.01062   0.01323
   177/199     3.44G   0.03165  0.005576  0.003026   0.04025        11       640    0.9561    0.9402    0.9646    0.6408   0.03981   0.01061   0.01343
   178/199     3.44G    0.0318  0.005401  0.003683   0.04088        10       640    0.9556    0.9393    0.9662    0.6404   0.03942   0.01061   0.01326
   179/199     3.44G    0.0322  0.005711   0.00261   0.04052        28       640     0.951    0.9446    0.9652    0.6473   0.03977   0.01066   0.01338
   180/199     3.44G   0.03097  0.005627  0.003208    0.0398        13       640    0.9535    0.9438    0.9658    0.6342   0.03973   0.01063   0.01343
   181/199     3.44G   0.03158  0.005589  0.002775   0.03995        16       640    0.9506    0.9422    0.9647    0.6431   0.03933   0.01063   0.01322
   182/199     3.44G   0.03146  0.005499   0.00318   0.04014        13       640     0.953    0.9411    0.9647    0.6395   0.03964   0.01064   0.01329
   183/199     3.44G   0.03063  0.005505  0.002577   0.03871        17       640    0.9553    0.9396    0.9652    0.6444   0.03917   0.01067   0.01343
   184/199     3.44G   0.03236  0.005621  0.003707   0.04169        21       640    0.9596    0.9361    0.9652    0.6419   0.03974   0.01064   0.01353
   185/199     3.44G   0.03135  0.005423  0.002786   0.03956        12       640    0.9605    0.9356    0.9643    0.6471   0.03929   0.01065   0.01352
   186/199     3.44G   0.03066  0.005382  0.002987   0.03903        16       640    0.9566    0.9332    0.9639    0.6474   0.03911   0.01067   0.01343
   187/199     3.44G   0.03136  0.005584  0.003251    0.0402        19       640    0.9554    0.9368     0.965    0.6462   0.03904   0.01068   0.01342
   188/199     3.44G   0.03224  0.005525  0.003199   0.04096        13       640    0.9579    0.9378    0.9657     0.649   0.03875   0.01068   0.01334
   189/199     3.44G   0.03081   0.00549  0.002586   0.03888        12       640    0.9549    0.9421     0.965    0.6439   0.03898   0.01067   0.01337
   190/199     3.44G   0.03197  0.005463  0.003128   0.04056         8       640    0.9549    0.9421    0.9648      0.64   0.03892   0.01067   0.01338
   191/199     3.44G   0.03191  0.005463  0.003159   0.04053        25       640    0.9539    0.9419    0.9648    0.6457   0.03922   0.01068   0.01341
   192/199     3.44G   0.03085  0.005732   0.00227   0.03885        12       640    0.9555    0.9386    0.9647    0.6415   0.03938   0.01069   0.01339
   193/199     3.44G   0.03193  0.005472  0.003197    0.0406        10       640    0.9527    0.9422    0.9648    0.6471   0.03921   0.01069    0.0134
   194/199     3.44G    0.0318  0.005485  0.003422   0.04071        15       640    0.9528    0.9435    0.9651    0.6442    0.0392   0.01069   0.01342
   195/199     3.44G   0.03088  0.005401  0.002974   0.03925        14       640    0.9491    0.9459    0.9653    0.6442    0.0391   0.01068   0.01351
   196/199     3.44G   0.03062  0.005671  0.003263   0.03956        23       640    0.9484     0.946    0.9658     0.651   0.03915   0.01066    0.0135
   197/199     3.44G   0.03126  0.005579  0.003259    0.0401         6       640     0.948    0.9459    0.9652    0.6431   0.03922   0.01068   0.01353
   198/199     3.44G   0.03148  0.005662  0.002843   0.03998        17       640    0.9492     0.944    0.9654    0.6435   0.03914   0.01068   0.01356
   199/199     3.44G   0.03057  0.005554  0.002507   0.03864         6       640    0.9538    0.9416    0.9652    0.6415   0.03897   0.01069   0.01356
