     0/299    0.803G   0.07816   0.01384   0.04725    0.1393        29       640    0.5002  0.001689 2.687e-05 4.803e-06    0.1023   0.01312   0.04694
     1/299     5.27G   0.07632  0.007905   0.03408    0.1183         2       640 0.0001011   0.08841 7.749e-05 1.378e-05    0.1054   0.01264   0.04425
     2/299     6.19G   0.07167   0.00762   0.02822    0.1075        17       640 0.0001036   0.06419 0.0001174 2.798e-05    0.1013   0.01445   0.04609
     3/299     6.19G   0.06791  0.008221   0.02587     0.102        26       640   0.06282   0.06114  0.002719 0.0005395     0.102   0.01323   0.04923
     4/299     6.19G   0.06499  0.007968   0.02312   0.09608         7       640    0.7594   0.05476  0.006013  0.001626   0.09601   0.01355   0.04853
     5/299     6.19G   0.06371  0.007149   0.02089   0.09175        10       640    0.6392   0.03445   0.01143  0.003027    0.1039   0.01192   0.07361
     6/299     6.19G   0.06304  0.006521   0.01861   0.08817        13       640   0.00791   0.05749  0.001841 0.0002651    0.1144  0.009877   0.07094
     7/299     6.19G   0.06181  0.006347   0.01677   0.08493        25       640    0.1261   0.09803 0.0006803 0.0001391    0.1161    0.0193     0.093
     8/299     6.19G   0.06095  0.006351   0.01365   0.08095        18       640    0.8224    0.1796    0.1667   0.04026   0.09125   0.01291   0.05064
     9/299     6.19G   0.05858  0.006316   0.01152   0.07641        17       640    0.4897    0.2151    0.1457   0.03451   0.09769   0.01603   0.06978
    10/299     6.19G    0.0579  0.006164   0.01096   0.07502        11       640    0.6765    0.2065    0.1996   0.05128   0.09151   0.01321   0.06202
    11/299     6.19G   0.05561  0.005986  0.009011   0.07061        21       640    0.7928    0.2528    0.2662   0.08314   0.08816   0.01215   0.05878
    12/299     6.19G   0.05531  0.005937  0.007665   0.06891        21       640    0.4056    0.2408    0.2416     0.105   0.08804    0.0143   0.06652
    13/299     6.19G   0.05478  0.005896  0.006916   0.06759        16       640    0.3827    0.1532   0.07414   0.01835   0.09642   0.01606   0.09804
    14/299     6.19G   0.05279  0.005942  0.006229   0.06496        17       640      0.33    0.4615    0.3645    0.1398   0.08286   0.01326   0.05862
    15/299     6.19G   0.05289   0.00586  0.006622   0.06538        16       640    0.0863    0.1252   0.01046  0.004023   0.09809   0.02365     0.161
    16/299     6.19G   0.05263   0.00597  0.006582   0.06518        18       640     0.462    0.6808    0.6228    0.2422   0.07993   0.01176   0.05068
    17/299     6.19G   0.05073  0.005697   0.00504   0.06147        26       640    0.6329    0.6278    0.6184    0.2626   0.08041   0.01117    0.0491
    18/299     6.19G   0.05067  0.005678  0.005222   0.06157        21       640    0.4306    0.2061     0.224   0.08857   0.09273   0.01327   0.07301
    19/299     6.19G   0.04888  0.005671  0.004709   0.05926        14       640    0.6992   0.06707    0.0553   0.02497   0.09689   0.07611    0.1051
    20/299     6.19G   0.04825  0.005646  0.004573   0.05847        10       640    0.3393    0.1597    0.1053   0.02517    0.0981   0.01807   0.09253
    21/299     6.19G   0.04819  0.005572  0.003949   0.05771        17       640    0.7215     0.365    0.5393    0.1879   0.08155   0.01678   0.05621
    22/299     6.19G   0.04809  0.005798   0.00455   0.05844        18       640     0.586    0.5591    0.5152    0.2055   0.08036   0.01507   0.06002
    23/299     6.19G    0.0469  0.005619  0.004133   0.05666        14       640    0.9996   0.06707    0.1491   0.03908   0.09676   0.01664   0.08581
    24/299     6.19G    0.0455  0.005728  0.004226   0.05546        12       640    0.3879    0.3448    0.3931    0.1303   0.08244   0.01718   0.05374
    25/299     6.19G   0.04524  0.005588  0.003492   0.05432        23       640    0.6487    0.4194    0.5128    0.2016   0.07571   0.01327   0.05202
    26/299     6.19G   0.04471  0.005437  0.003642   0.05379        19       640    0.5345    0.2493    0.1774   0.05615   0.09402   0.01668   0.07131
    27/299     6.19G   0.04481  0.005661  0.003519   0.05399        17       640    0.8054    0.7784    0.8342    0.4379   0.06644   0.01127   0.04398
    28/299     6.19G     0.044  0.005435  0.003161    0.0526        18       640    0.7565    0.8029    0.8429    0.4254   0.06659   0.01078   0.04411
    29/299     6.19G   0.04442  0.005854  0.003056   0.05333        16       640    0.7214    0.1449    0.1651   0.06974   0.09309   0.01893   0.06083
    30/299     6.19G   0.04335  0.005549  0.002839   0.05174        13       640    0.8084    0.7417    0.8398     0.419   0.06802   0.01185   0.04395
    31/299     6.19G   0.04261  0.005435   0.00242   0.05046        27       640     0.758    0.6844    0.7846    0.3585   0.06748   0.01262    0.0458
    32/299     6.19G   0.04218  0.005391   0.00278   0.05035        17       640    0.7352    0.4853    0.5198    0.2218   0.07561   0.01378   0.05455
    33/299     6.19G    0.0435  0.005535  0.003801   0.05283         9       640    0.8654    0.1591    0.1784   0.08034   0.09527   0.01598   0.08691
    34/299     6.19G   0.04345  0.005662  0.003797   0.05291        15       640    0.7182     0.869    0.8931    0.4522   0.06601   0.01146   0.04514
    35/299     6.19G   0.04316  0.005416  0.002874   0.05145        14       640    0.4507    0.4277    0.3411    0.1327   0.08618   0.01634   0.08365
    36/299     6.19G   0.04209  0.005404  0.002645   0.05014        18       640    0.7802    0.6764    0.8128    0.3796   0.07077   0.01352   0.04741
    37/299     6.19G   0.04258  0.005429  0.003371   0.05138         7       640    0.8083    0.8306    0.8542    0.4348   0.06474   0.01145    0.0431
    38/299     6.19G   0.04145  0.005585  0.002746   0.04978        17       640    0.6157    0.4538    0.5033    0.2574   0.07782   0.01515   0.05137
    39/299     6.19G   0.04099  0.005451  0.002671   0.04911         9       640    0.8669    0.8133    0.9039    0.4765   0.06394   0.01074   0.04258
    40/299     6.19G   0.04012  0.005405  0.002264   0.04779        21       640    0.6797    0.2273    0.2482    0.0955   0.08906   0.02065   0.07304
    41/299     6.19G   0.04004  0.005407  0.002275   0.04773        10       640    0.8312    0.6916    0.8176     0.359   0.06846    0.0131    0.0466
    42/299     6.19G   0.04044  0.005283   0.00199   0.04772        13       640    0.7196    0.5734     0.652    0.2939   0.06968   0.01323   0.04321
    43/299     6.19G   0.03916  0.005262  0.002634   0.04706        19       640    0.5969    0.3481    0.4324    0.1977   0.07814   0.01546   0.05571
    44/299     6.19G   0.03967  0.005295  0.002442   0.04741        17       640    0.1125    0.2959    0.1614   0.04575   0.09649   0.01935   0.07812
    45/299     6.19G   0.03989   0.00526   0.00256   0.04771        15       640    0.6995    0.7476    0.8016     0.416   0.07195   0.01314   0.04855
    46/299     6.19G   0.03908  0.005191  0.002017   0.04629         8       640    0.5905    0.3708    0.3886    0.1712   0.07971   0.01905   0.07656
    47/299     6.19G   0.03888  0.005385  0.002473   0.04674        29       640    0.8865    0.8586    0.9135     0.477   0.06288   0.01024   0.03797
    48/299     6.19G   0.03888  0.005232   0.00235   0.04646        26       640    0.4449    0.2263    0.2431   0.08664   0.09277   0.01401   0.07986
    49/299     6.19G   0.03866  0.005195  0.002037    0.0459         9       640    0.7529    0.6439    0.7234    0.3602   0.06538    0.0133   0.04132
    50/299     6.19G   0.03763  0.005269  0.002066   0.04496        13       640     0.633    0.6748    0.6793    0.2987   0.07308   0.01503   0.05221
    51/299     6.19G   0.03797  0.005206  0.002384   0.04556        12       640    0.7217    0.5145    0.6346    0.3254   0.07132   0.01368   0.04609
    52/299     6.19G   0.03847  0.005266  0.002314   0.04605        10       640    0.8278    0.7957    0.8431    0.4005    0.0643   0.01252   0.04072
    53/299     6.19G   0.03891  0.005318  0.002402   0.04663        23       640    0.9114    0.8345    0.9222    0.5114   0.06154   0.01131   0.04018
    54/299     6.19G   0.03848  0.005222  0.002136   0.04584        14       640    0.8233    0.7925    0.8582    0.4359   0.06433   0.01223    0.0401
    55/299     6.19G   0.03847  0.005271  0.002194   0.04593        25       640    0.8479    0.8967     0.926    0.4979   0.05815    0.0104   0.03971
    56/299     6.19G   0.03724   0.00524  0.002312    0.0448        16       640    0.3807    0.5125    0.4345    0.1949   0.07962   0.01498   0.06229
    57/299     6.19G   0.03666   0.00521  0.001973   0.04384        16       640    0.8442     0.443    0.5695       0.3   0.07822   0.01422   0.05244
    58/299     6.19G   0.03772  0.005278  0.002113   0.04511        19       640    0.8853    0.8973    0.9467    0.5351   0.05663   0.01037   0.03912
    59/299     6.19G   0.03699  0.005154  0.002363    0.0445        12       640    0.7689    0.6421    0.7726    0.3581   0.06555   0.01383   0.04738
    60/299     6.19G   0.03661  0.005175  0.001892   0.04367        26       640    0.8754    0.8898    0.9317    0.5143   0.05817   0.01058   0.03737
    61/299     6.19G   0.03593  0.005015  0.001541   0.04249        25       640    0.9024    0.9208    0.9492    0.5676   0.05643   0.01023   0.03836
    62/299     6.19G   0.03703  0.005086  0.001829   0.04395        23       640    0.6954    0.7662    0.8555    0.4237   0.06348   0.01328   0.04034
    63/299     6.19G    0.0367  0.005126  0.001698   0.04352        15       640    0.8335    0.8951    0.9142    0.5118    0.0619   0.01181   0.03643
    64/299     6.19G   0.03679  0.004951  0.001711   0.04346        18       640    0.8872    0.7106    0.8672    0.4506   0.06212   0.01155   0.03599
    65/299     6.19G   0.03613  0.005141  0.001755   0.04302        25       640    0.8881    0.5268    0.6535    0.3014   0.06779   0.01391    0.0483
    66/299     6.19G   0.03632  0.005157  0.001691   0.04317        14       640    0.8618    0.7883     0.894    0.4809   0.06007   0.01206   0.03421
    67/299     6.19G   0.03586   0.00512  0.001335   0.04231        24       640    0.8637    0.9227    0.9438    0.5524   0.05766   0.01095   0.03469
    68/299     6.19G   0.03511  0.005024  0.001779   0.04191        12       640    0.8711    0.8925    0.9204    0.5135   0.05717    0.0111   0.03303
    69/299     6.19G   0.03559  0.005022  0.002007   0.04262        12       640      0.88    0.8325    0.9104    0.5012   0.05571   0.01157   0.03258
    70/299     6.19G   0.03571   0.00503  0.001631   0.04237        14       640    0.8555     0.899    0.9311    0.5227   0.05736   0.01132   0.03487
    71/299     6.19G   0.03522  0.005082  0.001584   0.04188        16       640    0.8691    0.9143    0.9444    0.5396   0.05497   0.01122   0.03296
    72/299     6.19G   0.03541  0.005088  0.001721   0.04222        23       640    0.7024    0.6982    0.7559     0.377   0.06719   0.01347    0.0503
    73/299     6.19G   0.03595  0.005042  0.001758   0.04275        17       640    0.8873    0.8873    0.9361    0.5224   0.05406   0.01104    0.0326
    74/299     6.19G   0.03506  0.005003  0.001541   0.04161        19       640    0.8653    0.7641    0.8635    0.4992   0.05799   0.01191   0.03578
    75/299     6.19G   0.03546  0.005012  0.001954   0.04242        12       640    0.7395    0.5898    0.7114    0.3966   0.06529    0.0133   0.04207
    76/299     6.19G   0.03544  0.005077  0.001922   0.04244        19       640    0.8761    0.9106    0.9518    0.5725   0.05494   0.01114   0.03129
    77/299     6.19G   0.03495  0.005093   0.00162   0.04166        16       640    0.9086    0.9057    0.9383    0.5045   0.05464   0.01129   0.03278
    78/299     6.19G   0.03573  0.005026   0.00201   0.04276        13       640    0.8053    0.7015    0.8365     0.417   0.06552   0.01305   0.03946
    79/299     6.19G   0.03429  0.004891  0.001366   0.04054        14       640    0.8477    0.8504    0.9091    0.4379   0.05985   0.01239   0.03435
    80/299     6.19G   0.03472  0.004877  0.001403     0.041        16       640    0.6996    0.6438    0.7306    0.3586   0.06529   0.01472   0.05336
    81/299     6.19G   0.03504  0.004993  0.001457   0.04149        21       640    0.9289    0.9082    0.9488    0.5664   0.05262   0.01135   0.03466
    82/299     6.19G   0.03411  0.005004  0.001379   0.04049        19       640    0.9308    0.8866    0.9455    0.5489   0.05314   0.01102   0.03398
    83/299     6.19G   0.03412   0.00492  0.001645   0.04069        16       640    0.5586    0.6746    0.6623    0.3477   0.06289   0.01396    0.0402
    84/299     6.19G   0.03388  0.004832  0.001666   0.04038        13       640    0.8614    0.5722    0.7356    0.3411   0.06925   0.01355   0.04333
    85/299     6.19G   0.03433  0.004764  0.001427   0.04052         9       640    0.8355     0.582    0.6687    0.3612    0.0695   0.01391   0.04729
    86/299     6.19G   0.03419  0.004993  0.001373   0.04056        19       640    0.8667     0.899    0.9335    0.5045    0.0556   0.01167   0.03349
    87/299     6.19G   0.03354  0.004947  0.001531   0.04002        23       640    0.9119    0.9072    0.9428    0.5535    0.0541   0.01146   0.03359
    88/299     6.19G   0.03387  0.005027    0.0018    0.0407        22       640    0.5762    0.7188    0.6808    0.3616   0.06961   0.01369   0.05479
    89/299     6.19G   0.03416  0.004879  0.001601   0.04064        15       640    0.9123    0.9499    0.9652    0.5706   0.05092   0.01061   0.03246
    90/299     6.19G   0.03376  0.004837  0.001333   0.03993        14       640    0.8585    0.9095    0.9341    0.5284   0.05648   0.01203   0.03382
    91/299     6.19G   0.03285  0.004893  0.001362   0.03911         7       640      0.92    0.6609    0.8386    0.4736   0.05711   0.01194     0.036
    92/299     6.19G   0.03317   0.00493  0.001551   0.03966         9       640    0.8117    0.7582    0.9059    0.5107    0.0552   0.01236   0.03439
    93/299     6.19G    0.0329  0.004749  0.001376   0.03903        17       640    0.8789     0.921    0.9356    0.5475   0.05355   0.01122   0.03295
    94/299     6.19G   0.03256  0.004933  0.001387   0.03888        18       640    0.7819    0.7979    0.8782    0.4504   0.05819   0.01386   0.03916
    95/299     6.19G   0.03323  0.004871  0.001312   0.03941        17       640    0.9464    0.9479    0.9698    0.5995   0.04955   0.01054   0.03372
    96/299     6.19G   0.03329  0.004894  0.001465   0.03965        11       640    0.9083    0.9338    0.9489    0.5654   0.05111   0.01105   0.03272
    97/299     6.19G   0.03222  0.004841  0.001236    0.0383        11       640    0.9169    0.9308    0.9634    0.6077   0.04979   0.01084   0.03453
    98/299     6.19G   0.03282  0.004747   0.00156   0.03913        16       640    0.8612    0.7615     0.844    0.4801   0.05699   0.01192   0.03335
    99/299     6.19G   0.03256   0.00479  0.001459   0.03881        15       640    0.7897    0.7714    0.8182    0.4627   0.05468   0.01225   0.03107
   100/299     6.19G   0.03268  0.004863  0.001252    0.0388        14       640      0.67    0.8106    0.8238     0.432   0.06432   0.01286   0.03542
   101/299     6.19G   0.03292  0.004798  0.001369   0.03908        11       640    0.6864    0.6057    0.7261    0.3685   0.06445   0.01319   0.03659
   102/299     6.19G    0.0324  0.004827  0.001268    0.0385        23       640    0.8522    0.8324    0.9064    0.5056    0.0558   0.01263   0.03272
   103/299     6.19G    0.0336  0.004723  0.001447   0.03977        11       640    0.8587    0.8779    0.9368    0.5658   0.05618   0.01136   0.03135
   104/299     6.19G   0.03301  0.004837  0.001359   0.03921        20       640    0.8332    0.7729    0.8765    0.4786   0.05961   0.01279   0.03441
   105/299     6.19G   0.03237  0.004879   0.00122   0.03847        11       640    0.9305    0.9559    0.9719     0.626   0.04985   0.01104   0.03103
   106/299     6.19G   0.03328  0.004813  0.001204    0.0393        20       640    0.9067    0.8887     0.937    0.5415   0.05206   0.01176   0.03172
   107/299     6.19G   0.03241  0.004802  0.001372   0.03858        21       640    0.9396    0.9401    0.9645    0.5837   0.04882   0.01102   0.03306
   108/299     6.19G   0.03318  0.004957  0.001614   0.03975        13       640    0.9193    0.8586    0.9064    0.5385    0.0528   0.01206    0.0325
   109/299     6.19G   0.03239  0.004837  0.001352   0.03858        28       640    0.8845    0.8214    0.9112    0.5133    0.0539   0.01165    0.0318
   110/299     6.19G    0.0331  0.004806  0.001704   0.03961        15       640    0.9086     0.946    0.9635    0.5969   0.04824   0.01088   0.02972
   111/299     6.19G   0.03281  0.004765  0.001286   0.03886         7       640    0.9335    0.9111    0.9565     0.572   0.05228   0.01108   0.02963
   112/299     6.19G   0.03224  0.004727  0.001172   0.03814        10       640    0.9368    0.9336    0.9638    0.5969   0.04958   0.01095   0.02936
   113/299     6.19G   0.03156  0.004729  0.001118   0.03741        17       640    0.9366    0.9275    0.9604    0.6125   0.04759   0.01102   0.02947
   114/299     6.19G   0.03218  0.004872  0.001214   0.03826        11       640    0.8075    0.6675    0.8598    0.4802    0.0558   0.01365   0.03246
   115/299     6.19G   0.03184  0.004727  0.001222   0.03779         9       640    0.9003    0.9093    0.9544    0.5914   0.05189   0.01171   0.03054
   116/299     6.19G   0.03138  0.004821  0.001028   0.03722        18       640     0.945    0.9506    0.9727    0.6168   0.04871   0.01086   0.02871
   117/299     6.19G   0.03179  0.004834  0.001233   0.03786        15       640    0.9351    0.9438    0.9685    0.6153   0.04786   0.01083   0.02924
   118/299     6.19G   0.03168  0.004791  0.001447   0.03791        12       640    0.9021     0.936    0.9568    0.5768   0.04972    0.0115   0.02912
   119/299     6.19G   0.03124  0.004756   0.00118   0.03717        20       640    0.9485    0.9367    0.9644    0.5949   0.04929   0.01147   0.02911
   120/299     6.19G   0.03197  0.004859  0.001518   0.03835        13       640    0.9367    0.9508    0.9749    0.6293   0.04794   0.01139   0.02934
   121/299     6.19G    0.0316  0.004701   0.00119    0.0375        24       640    0.9167    0.8878    0.9474    0.5542   0.05203   0.01311   0.03084
   122/299     6.19G   0.03126  0.005171  0.001369    0.0378        20       640    0.9111     0.956    0.9734    0.6203    0.0444   0.01167   0.02692
   123/299     6.19G   0.03156  0.004994  0.001622   0.03818        19       640    0.9481    0.9355    0.9744    0.6238   0.04402   0.01046   0.02556
   124/299     6.19G   0.03087  0.005057   0.00136   0.03729        12       640    0.9598    0.9336    0.9589    0.6018   0.04497   0.01061   0.02541
   125/299     6.19G   0.03093  0.005091  0.001004   0.03702         6       640    0.9424     0.953    0.9707    0.6113   0.04441   0.01028    0.0246
   126/299     6.19G   0.03136  0.005033  0.001232   0.03763         9       640    0.9502     0.921    0.9739    0.6081    0.0448   0.01004   0.02497
   127/299     6.19G    0.0304  0.005015  0.001156   0.03658        20       640    0.9204    0.9383    0.9657    0.5787   0.04656    0.0111   0.02517
   128/299     6.19G   0.03149   0.00501  0.001004    0.0375        33       640    0.9251    0.9216    0.9508    0.5682   0.04697   0.01052   0.02438
   129/299     6.19G   0.03109  0.005112  0.001494   0.03769        21       640    0.9344    0.9183    0.9502    0.5856   0.04667    0.0109    0.0249
   130/299     6.19G   0.03048  0.004977   0.00109   0.03655        10       640    0.9504    0.9349    0.9713     0.621    0.0445   0.01037   0.02439
   131/299     6.19G   0.03049  0.004982 0.0009072   0.03638         9       640    0.9567    0.9297    0.9682    0.6241   0.04458  0.009969   0.02542
   132/299     6.19G   0.03119  0.005116  0.001056   0.03737        28       640    0.9498    0.9597    0.9697    0.6079   0.04377  0.009813   0.02409
   133/299     6.19G   0.03029  0.005046 0.0008702   0.03621        12       640    0.9551    0.9404    0.9749    0.6272   0.04357  0.009692   0.02446
   134/299     6.19G   0.03032  0.005032    0.0012   0.03655         8       640    0.9247    0.9506    0.9754    0.6235    0.0439   0.01037   0.02417
   135/299     6.19G   0.03009  0.004946  0.001023   0.03605        14       640    0.9326    0.9553    0.9701    0.6323   0.04264  0.009794   0.02471
   136/299     6.19G   0.03084  0.004998 0.0008398   0.03667        19       640    0.9241    0.9404    0.9606    0.6137   0.04381   0.01013   0.02463
   137/299     6.19G   0.03013  0.004888  0.001305   0.03632        11       640    0.9472     0.925    0.9716    0.6239   0.04511   0.01073   0.02444
   138/299     6.19G   0.03017  0.004934  0.001171   0.03627         8       640    0.9369    0.9598    0.9774    0.6338    0.0435  0.009868   0.02392
   139/299     6.19G   0.03069  0.005054  0.001022   0.03676        11       640    0.9362    0.9465    0.9639    0.5977   0.04512  0.009945   0.02428
   140/299     6.19G   0.03093  0.005081  0.001289    0.0373        14       640    0.9533    0.9362    0.9639    0.5987   0.04489   0.01052   0.02458
   141/299     6.19G   0.03052  0.004947  0.001269   0.03674         7       640    0.9505    0.9442    0.9803    0.6284   0.04251  0.009588   0.02351
   142/299     6.19G    0.0303  0.005175  0.001337   0.03681        37       640     0.925    0.8793    0.9471    0.5762   0.04831   0.01073   0.02501
   143/299     6.19G    0.0301  0.005088  0.001156   0.03635        21       640    0.8784    0.9321    0.9304    0.5521   0.05269   0.01139   0.02712
   144/299     6.19G   0.02986  0.005004  0.001094   0.03595        11       640    0.9336    0.9654    0.9776    0.6234   0.04345   0.01005   0.02367
   145/299     6.19G    0.0297  0.004903 0.0008754   0.03548        14       640    0.9301    0.9592    0.9703    0.5992   0.04506   0.01033   0.02376
   146/299     6.19G   0.03012  0.004899  0.001289   0.03631        18       640    0.9361    0.9632    0.9794    0.6534   0.04215  0.009883   0.02338
   147/299     6.19G   0.03116  0.005057  0.001301   0.03752        23       640    0.5716    0.6337    0.6845    0.3156    0.0608   0.01433   0.03652
   148/299     6.19G   0.03046  0.004962   0.00111   0.03653        18       640    0.9519    0.9655    0.9696    0.6164    0.0443  0.009595   0.02448
   149/299     6.19G   0.03064  0.004995  0.001326   0.03696        15       640    0.9294     0.872    0.9328    0.5695   0.04715   0.01177   0.02587
   150/299     6.19G   0.02959  0.005023 0.0009263   0.03553        23       640    0.9144    0.9315    0.9552     0.583   0.04468   0.01041   0.02594
   151/299     6.19G    0.0292  0.004952  0.001194   0.03535        18       640    0.9396     0.943    0.9726    0.6338   0.04451   0.01005   0.02407
   152/299     6.19G   0.02943  0.004834 0.0009418    0.0352        11       640    0.9027     0.789    0.8928    0.5121   0.05102   0.01204   0.02651
   153/299     6.19G   0.02967  0.004801 0.0007863   0.03525        11       640    0.9526    0.9259     0.968    0.6236   0.04221  0.009822   0.02502
   154/299     6.19G   0.02999  0.005102 0.0009912   0.03609        19       640    0.9511    0.9433    0.9698    0.6405   0.04179   0.01003   0.02487
   155/299     6.19G   0.02966  0.004835  0.001042   0.03554        22       640    0.9354    0.9607    0.9725    0.6516   0.04061  0.009526   0.02319
   156/299     6.19G   0.03004  0.004986  0.001679    0.0367        16       640    0.9351    0.9587    0.9768     0.645   0.04164  0.009934   0.02297
   157/299     6.19G    0.0297  0.004867  0.001292   0.03586        26       640    0.9393    0.9464    0.9719    0.6004   0.04246   0.01008   0.02556
   158/299     6.19G   0.02941  0.004644 0.0008886   0.03494        14       640    0.9181    0.9106    0.9548    0.5674   0.04475    0.0104   0.02566
   159/299     6.19G   0.02903  0.004837 0.0009595   0.03483        15       640    0.9605    0.9479    0.9753    0.6375   0.04107  0.009401   0.02372
   160/299     6.19G   0.02936  0.004915  0.001072   0.03535        16       640    0.9318    0.9608    0.9826    0.6428   0.04173  0.009468   0.02367
   161/299     6.19G   0.02938  0.004938 0.0008971   0.03521        18       640    0.9537    0.9577    0.9841    0.6395   0.04251  0.009793   0.02339
   162/299     6.19G   0.02882  0.004808   0.00113   0.03476        12       640    0.9537    0.9654    0.9765    0.6448   0.04214  0.009146   0.02339
   163/299     6.19G    0.0292  0.004846 0.0009218   0.03497        11       640    0.9369    0.9246    0.9587    0.6103   0.04422   0.01075   0.02539
   164/299     6.19G   0.02899  0.004831  0.001369   0.03519        13       640    0.9634    0.9533     0.978    0.6384   0.04245  0.009217   0.02237
   165/299     6.19G   0.02892  0.004778  0.001252   0.03495        22       640    0.9609      0.95    0.9729    0.6346   0.04333  0.009373   0.02286
   166/299     6.19G   0.02922  0.004743 0.0009763   0.03494        17       640    0.9559    0.9578     0.981    0.6465   0.04302  0.009857   0.02278
   167/299     6.19G   0.02899  0.004665 0.0007878   0.03445        29       640    0.9546    0.9611    0.9767    0.6491   0.04187  0.009178   0.02323
   168/299     6.19G   0.02959  0.004827 0.0009003   0.03532        19       640     0.949    0.9622    0.9762    0.6459   0.04153  0.009347   0.02406
   169/299     6.19G   0.02867   0.00478 0.0009745   0.03443        15       640    0.9344    0.9477    0.9624     0.605   0.04448  0.009916   0.02458
   170/299     6.19G   0.02852   0.00476 0.0007431   0.03402        14       640    0.9495    0.9496    0.9807    0.6362   0.04223  0.009681   0.02379
   171/299     6.19G   0.02849  0.004692  0.001078   0.03426         6       640     0.941    0.9691    0.9783    0.6482   0.04249   0.00918   0.02271
   172/299     6.19G   0.02862  0.004797 0.0009428   0.03436         9       640     0.943    0.9717    0.9793    0.6589    0.0415  0.009382   0.02319
   173/299     6.19G   0.02794  0.004842 0.0006965   0.03347        16       640    0.9461    0.9538    0.9787    0.6502   0.04107  0.009366   0.02412
   174/299     6.19G   0.02877  0.004723 0.0007286   0.03422        25       640     0.943    0.9565    0.9762    0.6491   0.04136  0.009393   0.02485
   175/299     6.19G   0.02834  0.004671 0.0008666   0.03388        15       640    0.9636    0.9564    0.9846    0.6557   0.04034  0.009247   0.02341
   176/299     6.19G   0.02803  0.004825 0.0007773   0.03363        10       640    0.9431    0.9609    0.9819    0.6469   0.04073  0.009486   0.02472
   177/299     6.19G   0.02902  0.004854  0.001101   0.03497        25       640    0.9452    0.9771    0.9794    0.6592   0.04049  0.009131   0.02377
   178/299     6.19G   0.02818  0.004805  0.001063   0.03405        16       640    0.9603    0.9312    0.9762    0.6137   0.04215    0.0103   0.02438
   179/299     6.19G   0.02825  0.004664 0.0008303   0.03374        11       640    0.9534    0.9687    0.9817    0.6401    0.0413  0.009259   0.02293
   180/299     6.19G   0.02851  0.004764 0.0007812   0.03406        16       640    0.9447    0.9679    0.9807    0.6584   0.04163  0.009047   0.02328
   181/299     6.19G   0.02874  0.004778 0.0007968   0.03431        15       640    0.9411    0.9132    0.9626    0.6218   0.04402   0.00987   0.02538
   182/299     6.19G   0.02863  0.004814  0.001165   0.03461         4       640    0.9454    0.9689    0.9812    0.6706   0.04158  0.009243   0.02267
   183/299     6.19G   0.02824  0.004785 0.0007737    0.0338        15       640    0.9564    0.9568    0.9843    0.6582   0.04096  0.009218   0.02361
   184/299     6.19G   0.02825  0.004724 0.0009751   0.03395        14       640     0.949    0.9593    0.9792    0.6519   0.04155  0.009262   0.02449
   185/299     6.19G   0.02779  0.004768 0.0007894   0.03335        12       640    0.9449    0.9517    0.9777    0.6485   0.04163    0.0095   0.02473
   186/299     6.19G   0.02775  0.004682 0.0007354   0.03317         9       640    0.9612    0.9609    0.9805    0.6684   0.04129  0.009353   0.02278
   187/299     6.19G   0.02819  0.004845 0.0007965   0.03383        13       640    0.9578    0.9634    0.9805    0.6677   0.04062  0.009329    0.0233
   188/299     6.19G   0.02766  0.004694 0.0008289   0.03318        13       640    0.9502    0.9659    0.9822    0.6527    0.0416  0.009603   0.02455
   189/299     6.19G   0.02797  0.004508 0.0007096   0.03319        28       640    0.9483    0.9667    0.9801    0.6702     0.041  0.009432   0.02298
   190/299     6.19G   0.02761  0.004698 0.0009314   0.03324        17       640    0.9526    0.9575     0.975    0.6497   0.04119  0.009253   0.02439
   191/299     6.19G   0.02749  0.004681 0.0009406   0.03312        13       640    0.9506    0.9684    0.9836    0.6471   0.04038  0.009334   0.02443
   192/299     6.19G   0.02828  0.004886 0.0008708   0.03403         9       640    0.9488    0.9575    0.9785    0.6139   0.04261  0.009712   0.02491
   193/299     6.19G   0.02773  0.004707 0.0007181   0.03316        21       640     0.956    0.9673    0.9815    0.6624   0.03991  0.009157   0.02336
   194/299     6.19G   0.02767   0.00474  0.000912   0.03332        15       640    0.9591    0.9596    0.9792    0.6677   0.04191   0.00951   0.02275
   195/299     6.19G   0.02765  0.004501 0.0008176   0.03297         8       640    0.9408    0.9524    0.9776    0.6487   0.04032   0.00954   0.02431
   196/299     6.19G   0.02727  0.004693 0.0006273   0.03259         8       640    0.9623     0.946    0.9776    0.6603   0.04026  0.009424   0.02395
   197/299     6.19G   0.02791   0.00478 0.0007223   0.03341        13       640    0.9643     0.957    0.9812    0.6712   0.03999  0.009105   0.02309
   198/299     6.19G    0.0275   0.00469 0.0009772   0.03316        14       640    0.9485    0.9712    0.9819    0.6717   0.04022  0.009226   0.02366
   199/299     6.19G   0.02788  0.004657 0.0008669    0.0334        15       640    0.9229    0.9589    0.9733    0.6218   0.04185   0.00999   0.02527
   200/299     6.19G   0.02707  0.004538 0.0007951    0.0324        16       640    0.9514    0.9792     0.984    0.6752    0.0401  0.009346   0.02391
   201/299     6.19G   0.02773  0.004451 0.0009322   0.03311        11       640    0.9467    0.9828    0.9845    0.6675   0.03992  0.009314   0.02401
   202/299     6.19G   0.02738  0.004691  0.000797   0.03287        19       640    0.9531    0.9679    0.9794    0.6757   0.04143   0.00949   0.02329
   203/299     6.19G   0.02752  0.004682 0.0009198   0.03312         9       640    0.9395     0.967    0.9796    0.6614   0.03988  0.009345   0.02453
   204/299     6.19G   0.02761  0.004642   0.00072   0.03297        19       640     0.966    0.9507    0.9815     0.667   0.03987  0.009228   0.02423
   205/299     6.19G   0.02708  0.004702  0.000921   0.03271        24       640     0.954    0.9694    0.9775    0.6752   0.04174  0.009431    0.0234
   206/299     6.19G   0.02685  0.004519 0.0009278   0.03229         6       640     0.961    0.9608    0.9829    0.6767   0.03958  0.009378   0.02371
   207/299     6.19G   0.02699  0.004712  0.001126   0.03283        12       640    0.9602    0.9643    0.9842    0.6733   0.03969  0.009417   0.02354
   208/299     6.19G   0.02707  0.004571 0.0008409   0.03249        21       640    0.9548    0.9672    0.9829    0.6748   0.03946  0.009343   0.02363
   209/299     6.19G   0.02674  0.004631  0.000698   0.03207         9       640    0.9624    0.9603    0.9808    0.6677   0.03941  0.009182   0.02349
   210/299     6.19G     0.027  0.004663 0.0006691   0.03233        15       640    0.9638    0.9631    0.9808    0.6728   0.03934  0.009081   0.02354
   211/299     6.19G   0.02668  0.004598 0.0007934   0.03207        23       640    0.9612    0.9653    0.9821    0.6725   0.03928  0.009211   0.02383
   212/299     6.19G   0.02687  0.004657 0.0006628   0.03219        12       640    0.9624    0.9627    0.9834    0.6572   0.03956  0.009421   0.02418
   213/299     6.19G   0.02692   0.00461 0.0006865   0.03222        10       640    0.9572    0.9702    0.9813     0.666   0.03969  0.009182   0.02376
   214/299     6.19G   0.02662  0.004572 0.0008036     0.032        12       640    0.9495    0.9767     0.982    0.6779   0.03958  0.009138   0.02334
   215/299     6.19G    0.0267  0.004645 0.0008756   0.03222        12       640    0.9454    0.9802    0.9843    0.6777   0.03929  0.009252   0.02341
   216/299     6.19G   0.02661  0.004641 0.0007568   0.03201        16       640    0.9618    0.9632    0.9843    0.6766   0.03917  0.009332   0.02342
   217/299     6.19G   0.02715  0.004669   0.00103   0.03285        11       640    0.9436    0.9825    0.9845    0.6748   0.03927  0.009279   0.02335
   218/299     6.19G   0.02659  0.004578 0.0006376   0.03181        18       640    0.9499    0.9753    0.9835    0.6817    0.0393   0.00935   0.02311
   219/299     6.19G    0.0267  0.004583 0.0008926   0.03217        12       640     0.952    0.9622    0.9827    0.6714   0.04041  0.009583   0.02264
   220/299     6.19G   0.02661  0.004578 0.0007023   0.03189        10       640    0.9577    0.9674    0.9851    0.6737    0.0392  0.009391   0.02362
   221/299     6.19G    0.0263  0.004455 0.0006374    0.0314        11       640    0.9521     0.972    0.9853    0.6784   0.03958  0.009288   0.02325
   222/299     6.19G   0.02651  0.004613 0.0009053   0.03203        12       640     0.948    0.9799    0.9838    0.6719   0.03965  0.009218   0.02346
   223/299     6.19G   0.02668  0.004521 0.0007489   0.03195        19       640    0.9615    0.9648    0.9838     0.674   0.03963  0.009229   0.02386
   224/299     6.19G   0.02688  0.004632 0.0008766   0.03239        14       640    0.9671    0.9627     0.985    0.6745   0.03968  0.009241   0.02308
   225/299     6.19G   0.02611  0.004634 0.0008051   0.03155        14       640    0.9644    0.9629    0.9853     0.678   0.03949  0.009302   0.02332
   226/299     6.19G   0.02681  0.004649 0.0009838   0.03244        12       640     0.966    0.9641    0.9847     0.673   0.03917  0.009294   0.02354
   227/299     6.19G   0.02633  0.004508 0.0006472   0.03148         7       640    0.9501    0.9792    0.9844    0.6669   0.03924  0.009312    0.0238
   228/299     6.19G   0.02619  0.004423 0.0006006   0.03121        23       640    0.9452    0.9818    0.9841    0.6682   0.03916  0.009407   0.02392
   229/299     6.19G   0.02632  0.004637 0.0005999   0.03155        14       640    0.9565     0.973    0.9843    0.6733     0.039  0.009393   0.02361
   230/299     6.19G   0.02622  0.004555   0.00071   0.03149        14       640     0.951     0.977    0.9844    0.6706    0.0389  0.009349   0.02352
   231/299     6.19G   0.02685  0.004559 0.0005887     0.032         8       640     0.957    0.9711     0.984     0.676   0.03918  0.009341   0.02295
   232/299     6.19G   0.02599  0.004668 0.0008797   0.03154        12       640    0.9644    0.9615    0.9834    0.6843   0.03927  0.009131   0.02278
   233/299     6.19G   0.02662  0.004618 0.0006143   0.03185        13       640    0.9568    0.9702     0.984    0.6791   0.03908  0.009234   0.02283
   234/299     6.19G   0.02609  0.004502 0.0006459   0.03124        17       640    0.9526    0.9748    0.9841    0.6788   0.03885  0.009287   0.02279
   235/299     6.19G   0.02578  0.004671 0.0006506    0.0311        15       640    0.9513    0.9773    0.9835    0.6805   0.03894  0.009396   0.02279
   236/299     6.19G    0.0261  0.004509 0.0008268   0.03144         8       640    0.9563    0.9724    0.9837    0.6848   0.03893  0.009282   0.02269
   237/299     6.19G   0.02601  0.004543 0.0009967   0.03155        11       640    0.9492    0.9781    0.9834    0.6791   0.03858  0.009225   0.02296
   238/299     6.19G   0.02645  0.004538 0.0007386   0.03172        28       640    0.9516    0.9801    0.9836    0.6754   0.03849  0.009224   0.02298
   239/299     6.19G    0.0256  0.004471 0.0005849   0.03065        13       640    0.9498    0.9764    0.9838    0.6763   0.03847  0.009375   0.02345
   240/299     6.19G   0.02544  0.004639 0.0008812   0.03096        20       640    0.9464    0.9822    0.9842    0.6724   0.03842   0.00928   0.02296
   241/299     6.19G   0.02581  0.004499 0.0007957    0.0311        14       640    0.9586    0.9737     0.984    0.6794   0.03857   0.00927   0.02266
   242/299     6.19G   0.02576  0.004715  0.000599   0.03107        12       640    0.9589    0.9754    0.9841     0.685   0.03863  0.009275   0.02263
   243/299     6.19G    0.0256  0.004536 0.0006885   0.03082         9       640    0.9518    0.9799    0.9844    0.6793   0.03865  0.009228   0.02262
   244/299     6.19G    0.0259  0.004651 0.0006178   0.03117        34       640     0.952    0.9791    0.9841    0.6738   0.03864  0.009284   0.02271
   245/299     6.19G   0.02532  0.004539 0.0007798   0.03064        12       640    0.9567    0.9695    0.9836    0.6716   0.03891  0.009339   0.02254
   246/299     6.19G   0.02601  0.004628 0.0007559    0.0314        16       640    0.9497    0.9751    0.9829    0.6823   0.03905  0.009252   0.02238
   247/299     6.19G   0.02529  0.004505 0.0006526   0.03045        15       640      0.95    0.9735    0.9834    0.6847   0.03899  0.009213   0.02235
   248/299     6.19G   0.02554  0.004612 0.0004335   0.03059        19       640    0.9555    0.9701    0.9841     0.678   0.03884  0.009233   0.02268
   249/299     6.19G   0.02636  0.004466 0.0007628   0.03159        24       640    0.9502    0.9754    0.9836    0.6825   0.03894  0.009164   0.02268
   250/299     6.19G   0.02569  0.004604  0.000821   0.03111        14       640    0.9551    0.9728    0.9835    0.6799   0.03901  0.009207   0.02282
   251/299     6.19G   0.02545  0.004474 0.0006579   0.03058        10       640     0.963    0.9611    0.9834    0.6809   0.03893  0.009183   0.02308
   252/299     6.19G   0.02508  0.004563 0.0007149   0.03036        14       640    0.9579    0.9671    0.9831    0.6806   0.03906  0.009261   0.02279
   253/299     6.19G   0.02571  0.004513 0.0006032   0.03083        32       640    0.9519    0.9715    0.9836    0.6804   0.03891  0.009229   0.02305
   254/299     6.19G   0.02564  0.004519 0.0006165   0.03077         8       640     0.957    0.9676    0.9839    0.6794   0.03889  0.009228   0.02298
   255/299     6.19G   0.02551  0.004537 0.0004302   0.03048        23       640    0.9617    0.9611    0.9835    0.6755   0.03888  0.009216   0.02306
   256/299     6.19G   0.02516  0.004522  0.000755   0.03043        15       640    0.9598    0.9653    0.9832    0.6726    0.0389   0.00925   0.02294
   257/299     6.19G   0.02516  0.004548 0.0007215   0.03042        16       640    0.9666    0.9596     0.983     0.674   0.03889  0.009255   0.02294
   258/299     6.19G   0.02508  0.004419 0.0004875   0.02999        11       640    0.9673    0.9592    0.9832     0.674   0.03886  0.009263   0.02297
   259/299     6.19G   0.02563  0.004405 0.0008716    0.0309        15       640    0.9591    0.9712    0.9846    0.6712   0.03885  0.009269   0.02324
   260/299     6.19G   0.02579  0.004574 0.0005576   0.03092        10       640      0.97    0.9584    0.9837      0.68   0.03888   0.00919    0.0229
   261/299     6.19G   0.02537  0.004437 0.0006022   0.03041        10       640    0.9609    0.9667     0.984    0.6737   0.03882  0.009265   0.02328
   262/299     6.19G   0.02517  0.004476 0.0007009   0.03035        12       640    0.9594    0.9677    0.9846    0.6781   0.03885  0.009223   0.02338
   263/299     6.19G   0.02504  0.004482 0.0008674   0.03039        13       640    0.9601      0.97    0.9851    0.6802   0.03883  0.009261   0.02315
   264/299     6.19G   0.02505   0.00442 0.0004471   0.02992        12       640    0.9601    0.9701    0.9852    0.6812    0.0388  0.009255   0.02311
   265/299     6.19G   0.02535  0.004471  0.000648   0.03047        22       640     0.959    0.9707    0.9853    0.6817   0.03873  0.009273   0.02313
   266/299     6.19G   0.02492   0.00438 0.0005171   0.02982        15       640    0.9594    0.9692     0.985    0.6786   0.03862  0.009291   0.02331
   267/299     6.19G   0.02505  0.004618 0.0006395   0.03031        18       640    0.9595    0.9694    0.9852    0.6785   0.03864  0.009293   0.02304
   268/299     6.19G   0.02499  0.004494  0.000757   0.03024         9       640     0.959    0.9703    0.9853    0.6788   0.03861  0.009287   0.02305
   269/299     6.19G   0.02503  0.004477 0.0007263   0.03023        16       640    0.9624    0.9673    0.9854    0.6785   0.03853  0.009281   0.02319
   270/299     6.19G   0.02479  0.004651 0.0005784   0.03002        11       640    0.9607    0.9667    0.9852    0.6778   0.03851  0.009265   0.02332
   271/299     6.19G   0.02494  0.004466 0.0007658   0.03017        16       640    0.9594    0.9692    0.9853    0.6776   0.03851   0.00924   0.02321
   272/299     6.19G   0.02505    0.0044 0.0005276   0.02998        13       640    0.9599    0.9664    0.9848    0.6831   0.03856  0.009249   0.02295
   273/299     6.19G   0.02438  0.004437 0.0007077   0.02953        18       640    0.9596    0.9667    0.9848    0.6852   0.03853  0.009262   0.02298
   274/299     6.19G   0.02475  0.004438 0.0005753   0.02977         6       640    0.9595    0.9663    0.9843    0.6844   0.03855  0.009247   0.02291
   275/299     6.19G   0.02543  0.004481  0.000736   0.03064        10       640    0.9601    0.9673    0.9852    0.6839   0.03848   0.00922   0.02304
   276/299     6.19G   0.02502  0.004585 0.0006909   0.03029        21       640    0.9633    0.9629    0.9844    0.6821   0.03851  0.009231   0.02288
   277/299     6.19G   0.02481   0.00444 0.0005741   0.02982        10       640     0.966    0.9621    0.9853    0.6824    0.0384  0.009253   0.02302
   278/299     6.19G   0.02546  0.004529 0.0006705   0.03066         8       640    0.9586    0.9696    0.9856    0.6853   0.03836  0.009281   0.02309
   279/299     6.19G   0.02507   0.00447 0.0007129   0.03025        27       640    0.9576    0.9704    0.9852     0.686   0.03835  0.009258   0.02311
   280/299     6.19G   0.02506  0.004588 0.0005325   0.03018        19       640    0.9577    0.9701    0.9853    0.6807   0.03835  0.009263   0.02316
   281/299     6.19G   0.02461  0.004531 0.0007236   0.02986        18       640    0.9575    0.9704    0.9858    0.6797   0.03836  0.009279   0.02311
   282/299     6.19G   0.02469   0.00434 0.0004477   0.02948        33       640    0.9606    0.9656    0.9854    0.6799   0.03839  0.009278   0.02306
   283/299     6.19G   0.02462  0.004388 0.0008353   0.02984        18       640    0.9603    0.9675    0.9858    0.6816   0.03838  0.009248   0.02307
   284/299     6.19G   0.02528  0.004439  0.001024   0.03074        12       640     0.961    0.9656    0.9854    0.6821   0.03846  0.009254   0.02292
   285/299     6.19G   0.02469  0.004443 0.0006167   0.02974        10       640    0.9613     0.965    0.9854    0.6807   0.03849  0.009271   0.02291
   286/299     6.19G   0.02467  0.004393 0.0006982   0.02976        10       640    0.9594     0.967    0.9856    0.6812   0.03847  0.009267   0.02294
   287/299     6.19G   0.02496  0.004457 0.0007215   0.03014        10       640    0.9596    0.9669    0.9854    0.6798   0.03847  0.009262   0.02294
   288/299     6.19G   0.02469  0.004525 0.0006001   0.02982        12       640    0.9606    0.9657    0.9852    0.6823   0.03852  0.009258   0.02283
   289/299     6.19G   0.02464   0.00441 0.0006634   0.02971        21       640    0.9607    0.9663    0.9855    0.6825   0.03847  0.009262    0.0229
   290/299     6.19G   0.02456  0.004548 0.0006047   0.02971        14       640    0.9601     0.967    0.9854      0.68   0.03846   0.00926   0.02295
   291/299     6.19G   0.02501  0.004425 0.0007532   0.03018        15       640    0.9606     0.966    0.9853    0.6816   0.03848  0.009274   0.02298
   292/299     6.19G   0.02526  0.004479  0.000507   0.03025         9       640    0.9602    0.9657    0.9852    0.6829   0.03846  0.009283   0.02303
   293/299     6.19G   0.02463  0.004411 0.0006025   0.02965         9       640    0.9607    0.9646     0.985    0.6793   0.03851   0.00928   0.02297
   294/299     6.19G   0.02507  0.004527 0.0004811   0.03008         7       640    0.9605    0.9647     0.985    0.6804   0.03852  0.009275   0.02298
   295/299     6.19G   0.02473  0.004388 0.0005472   0.02967        13       640    0.9605    0.9648    0.9846    0.6811   0.03857   0.00926    0.0229
   296/299     6.19G   0.02482  0.004506 0.0009799   0.03031        24       640    0.9605    0.9649    0.9845    0.6846    0.0386  0.009246   0.02285
   297/299     6.19G   0.02486  0.004544 0.0005037   0.02991        16       640    0.9608    0.9643    0.9845    0.6826   0.03862  0.009234   0.02281
   298/299     6.19G   0.02484  0.004564 0.0004397   0.02984        15       640    0.9684    0.9579    0.9846    0.6825   0.03864  0.009227   0.02278
   299/299     6.19G   0.02476  0.004435 0.0005984    0.0298        11       640    0.9675     0.959    0.9846    0.6837   0.03862  0.009217   0.02278
